1591821106.608479;
1591821106.651637;
1591821106.692449;
1591821106.740649;
1591821106.763159;
1591821106.785594;
1591821106.807919;
1591821106.852722;
1591821106.893175;
1591821106.933873;
1591821106.997600;
1591821107.038020;
1591821107.099350;
1591821107.139859;
1591821107.180204;
1591821107.241196;
1591821107.282241;
1591821107.343446;
1591821107.384314;
1591821107.424812;
1591821107.486064;
1591821107.526832;
1591821107.576925;
1591821107.599238;
1591821107.621602;
1591821107.643794;
1591821107.666082;
1591821107.727391;
1591821107.768025;
1591821107.828918;
1591821107.869537;
1591821107.930766;
1591821107.971167;
1591821108.011852;
1591821108.072859;
1591821108.114166;
1591821108.175438;
1591821108.215902;
1591821108.256830;
1591821108.318454;
1591821108.359369;
1591821108.416895;
1591821108.457806;
1591821108.498273;
1591821108.545419;
1591821108.568080;
1591821108.590348;
1591821108.612959;
1591821108.661445;
1591821108.702058;
1591821108.742623;
1591821108.804348;
1591821108.844822;
1591821108.897860;
1591821108.920308;
1591821108.942827;
1591821108.965118;
1591821108.987542;
1591821109.048230;
1591821109.088781;
1591821109.150032;
1591821109.190769;
1591821109.231322;
1591821109.288881;
1591821109.329576;
1591821109.390455;
1591821109.431347;
1591821109.492281;
1591821109.533145;
1591821109.573924;
1591821109.635147;
1591821109.676595;
1591821109.738887;
1591821109.779660;
1591821109.820056;
1591821109.881251;
1591821109.922149;
1591821109.976767;
1591821109.999485;
1591821110.022238;
1591821110.044499;
1591821110.066977;
1591821110.119968;
1591821110.160727;
1591821110.216000;
1591821110.238165;
1591821110.260617;
1591821110.283208;
1591821110.305831;
1591821110.366096;
1591821110.406682;
1591821110.467772;
1591821110.508944;
1591821110.570228;
1591821110.612907;
1591821110.654927;
1591821110.715620;
1591821110.761515;
1591821110.825967;
1591821110.870753;
1591821110.935875;
1591821110.976874;
1591821111.017406;
1591821111.062833;
1591821111.084918;
1591821111.107191;
1591821111.129447;
1591821111.175416;
1591821111.217325;
1591821111.257732;
1591821111.320416;
1591821111.360904;
1591821111.422015;
1591821111.463344;
1591821111.504042;
1591821111.566438;
1591821111.607634;
1591821111.659593;
1591821111.681496;
1591821111.703843;
1591821111.726363;
1591821111.769613;
1591821111.810840;
1591821111.851906;
1591821111.909936;
1591821111.952576;
1591821112.013554;
1591821112.054293;
1591821112.096941;
1591821112.144406;
1591821112.166704;
1591821112.188898;
1591821112.211226;
1591821112.258454;
1591821112.300195;
1591821112.340976;
1591821112.402633;
1591821112.444368;
1591821112.497878;
1591821112.520147;
1591821112.542428;
1591821112.564699;
1591821112.586982;
1591821112.649589;
1591821112.693499;
1591821112.740383;
1591821112.763453;
1591821112.785479;
1591821112.807747;
1591821112.852623;
1591821112.894836;
1591821112.935647;
1591821112.996809;
1591821113.039026;
1591821113.100392;
1591821113.142731;
1591821113.183286;
1591821113.244151;
1591821113.284831;
1591821113.346027;
1591821113.386563;
1591821113.448636;
1591821113.491030;
1591821113.531925;
1591821113.589112;
1591821113.629645;
1591821113.689806;
1591821113.712081;
1591821113.734258;
1591821113.756356;
1591821113.778574;
1591821113.832004;
1591821113.872334;
1591821113.934009;
1591821113.974387;
1591821114.015148;
1591821114.063633;
1591821114.085904;
1591821114.108189;
1591821114.130482;
1591821114.177100;
1591821114.217873;
1591821114.258445;
1591821114.305652;
1591821114.327778;
1591821114.350116;
1591821114.372521;
1591821114.413275;
1591821114.453662;
1591821114.496672;
1591821114.544410;
1591821114.566821;
1591821114.589230;
1591821114.611871;
1591821114.659635;
1591821114.700280;
1591821114.740767;
1591821114.801850;
1591821114.842754;
1591821114.896761;
1591821114.918973;
1591821114.941294;
1591821114.963597;
1591821114.985786;
1591821115.045022;
1591821115.085417;
1591821115.146680;
1591821115.187504;
1591821115.248574;
1591821115.289357;
1591821115.329804;
1591821115.386944;
1591821115.427342;
1591821115.488699;
1591821115.529217;
1591821115.569615;
1591821115.620849;
1591821115.643007;
1591821115.665249;
1591821115.687403;
1591821115.731522;
1591821115.772083;
1591821115.812322;
1591821115.861940;
1591821115.883985;
1591821115.906291;
1591821115.928367;
1591821115.973246;
1591821116.013669;
1591821116.053890;
1591821116.102965;
1591821116.125172;
1591821116.147473;
1591821116.169750;
1591821116.208832;
1591821116.249503;
1591821116.290022;
1591821116.340729;
1591821116.362870;
1591821116.385060;
1591821116.407125;
1591821116.451242;
1591821116.491820;
1591821116.532266;
1591821116.582088;
1591821116.604253;
1591821116.626333;
1591821116.648748;
1591821116.694095;
1591821116.735663;
1591821116.777175;
1591821116.838097;
1591821116.878915;
1591821116.934767;
1591821116.957109;
1591821116.979318;
1591821117.001614;
1591821117.024007;
1591821117.062695;
1591821117.084850;
1591821117.106979;
1591821117.129460;
1591821117.175001;
1591821117.215209;
1591821117.255678;
1591821117.316914;
1591821117.357468;
1591821117.418374;
1591821117.458761;
1591821117.499049;
1591821117.545799;
1591821117.567968;
1591821117.590199;
1591821117.612457;
1591821117.661210;
1591821117.702002;
1591821117.743045;
1591821117.803967;
1591821117.844470;
1591821117.895814;
1591821117.918488;
1591821117.940738;
1591821117.962927;
1591821117.985396;
1591821118.044411;
1591821118.084907;
1591821118.146116;
1591821118.186832;
1591821118.227481;
1591821118.288661;
1591821118.328862;
1591821118.389845;
1591821118.430172;
1591821118.490232;
1591821118.512431;
1591821118.534918;
1591821118.557067;
1591821118.579461;
1591821118.634095;
1591821118.675057;
1591821118.730810;
1591821118.752732;
1591821118.776090;
1591821118.798342;
1591821118.820594;
1591821118.875413;
1591821118.915944;
1591821118.976953;
1591821119.018548;
1591821119.059186;
1591821119.120617;
1591821119.161308;
1591821119.216359;
1591821119.238492;
1591821119.260643;
1591821119.283217;
1591821119.305645;
1591821119.365356;
1591821119.406478;
1591821119.467932;
1591821119.509189;
1591821119.571398;
1591821119.612281;
1591821119.653560;
1591821119.700609;
1591821119.723009;
1591821119.745145;
1591821119.767198;
1591821119.811437;
1591821119.851893;
1591821119.892478;
1591821119.953247;
1591821119.994042;
1591821120.055871;
1591821120.096370;
1591821120.136998;
1591821120.184921;
1591821120.207248;
1591821120.229685;
1591821120.252021;
1591821120.300898;
1591821120.343204;
1591821120.385917;
1591821120.449833;
1591821120.491009;
1591821120.548093;
1591821120.590532;
1591821120.653447;
1591821120.695115;
1591821120.735738;
1591821120.797406;
1591821120.838289;
1591821120.900125;
1591821120.940782;
1591821120.981567;
1591821121.042879;
1591821121.083398;
1591821121.144285;
1591821121.185202;
1591821121.225857;
1591821121.287042;
1591821121.327486;
1591821121.377370;
1591821121.399360;
1591821121.421434;
1591821121.443682;
1591821121.465974;
1591821121.525617;
1591821121.566225;
1591821121.618728;
1591821121.640846;
1591821121.662992;
1591821121.685272;
1591821121.707551;
1591821121.768240;
1591821121.808882;
1591821121.869969;
1591821121.910175;
1591821121.971379;
1591821122.011813;
1591821122.052150;
1591821122.101980;
1591821122.124220;
1591821122.146235;
1591821122.168550;
1591821122.190943;
1591821122.251046;
1591821122.291522;
1591821122.341755;
1591821122.363881;
1591821122.386106;
1591821122.408489;
1591821122.453654;
1591821122.494303;
1591821122.534984;
1591821122.583556;
1591821122.605784;
1591821122.628213;
1591821122.650434;
1591821122.697087;
1591821122.737830;
1591821122.779077;
1591821122.825751;
1591821122.848154;
1591821122.870318;
1591821122.892765;
1591821122.943577;
1591821122.984617;
1591821123.027352;
1591821123.085362;
1591821123.126665;
1591821123.181033;
1591821123.203368;
1591821123.225452;
1591821123.247791;
1591821123.292406;
1591821123.332992;
1591821123.373606;
1591821123.434933;
1591821123.475578;
1591821123.536892;
1591821123.577270;
1591821123.617729;
1591821123.664940;
1591821123.687484;
1591821123.710039;
1591821123.732276;
1591821123.780383;
1591821123.821622;
1591821123.862658;
1591821123.907780;
1591821123.930072;
1591821123.952388;
1591821123.974809;
1591821124.017445;
1591821124.058455;
1591821124.098754;
1591821124.145664;
1591821124.167895;
1591821124.190102;
1591821124.212366;
1591821124.260499;
1591821124.300850;
1591821124.341278;
1591821124.402538;
1591821124.443020;
1591821124.497648;
1591821124.520158;
1591821124.542385;
1591821124.565074;
1591821124.587041;
1591821124.647587;
1591821124.688354;
1591821124.749617;
1591821124.790146;
1591821124.830588;
1591821124.887736;
1591821124.928355;
1591821124.989619;
1591821125.030429;
1591821125.091942;
1591821125.132766;
1591821125.173268;
1591821125.234571;
1591821125.275205;
1591821125.336321;
1591821125.375542;
1591821125.417639;
1591821125.480558;
1591821125.512722;
1591821125.540186;
1591821125.603899;
1591821125.644889;
1591821125.701171;
1591821125.730923;
1591821125.767992;
1591821125.825424;
1591821125.866498;
1591821125.928497;
1591821125.969977;
1591821126.013279;
1591821126.076963;
1591821126.119519;
1591821126.181169;
1591821126.224690;
1591821126.266218;
1591821126.328526;
1591821126.374202;
1591821126.436989;
1591821126.478791;
1591821126.536666;
1591821126.581969;
1591821126.622122;
1591821126.683170;
1591821126.718948;
1591821126.779887;
1591821126.821758;
1591821126.862542;
1591821126.923972;
1591821126.959333;
1591821127.021012;
1591821127.054391;
1591821127.094690;
1591821127.156520;
1591821127.190475;
1591821127.252204;
1591821127.292426;
1591821127.330763;
1591821127.389065;
1591821127.427772;
1591821127.492071;
1591821127.529301;
1591821127.570038;
1591821127.633415;
1591821127.674086;
1591821127.736413;
1591821127.778673;
1591821127.813977;
1591821127.876655;
1591821127.920820;
1591821127.979786;
1591821128.020515;
1591821128.063948;
1591821128.125261;
1591821128.167833;
1591821128.226599;
1591821128.267799;
1591821128.331746;
1591821128.372686;
1591821128.413280;
1591821128.474809;
1591821128.515451;
1591821128.576818;
1591821128.620836;
1591821128.661238;
1591821128.723297;
1591821128.763506;
1591821128.824503;
1591821128.868084;
1591821128.932967;
1591821128.971767;
1591821129.016077;
1591821129.080094;
1591821129.114894;
1591821129.172312;
1591821129.208888;
1591821129.241466;
1591821129.299991;
1591821129.342484;
1591821129.383564;
1591821129.445252;
1591821129.490492;
1591821129.553180;
1591821129.598206;
1591821129.655715;
1591821129.677942;
1591821129.700368;
1591821129.722698;
1591821129.745087;
1591821129.804970;
1591821129.846898;
1591821129.899661;
1591821129.922326;
1591821129.944490;
1591821129.966703;
1591821129.988901;
1591821130.047266;
1591821130.096306;
1591821130.158639;
1591821130.203504;
1591821130.265972;
1591821130.298353;
1591821130.332005;
1591821130.386628;
1591821130.421420;
1591821130.454323;
1591821130.513876;
1591821130.550966;
1591821130.619726;
1591821130.660613;
1591821130.702402;
1591821130.765614;
1591821130.800571;
1591821130.855882;
1591821130.895686;
1591821130.936568;
1591821130.999730;
1591821131.042708;
1591821131.103851;
1591821131.146733;
1591821131.187740;
1591821131.242538;
1591821131.275228;
1591821131.307279;
1591821131.368329;
1591821131.411417;
1591821131.462941;
1591821131.485259;
1591821131.507920;
1591821131.530305;
1591821131.576741;
1591821131.618014;
1591821131.658693;
1591821131.715842;
1591821131.756517;
1591821131.785118;
1591821131.827724;
1591821131.868128;
1591821131.903720;
1591821131.964509;
1591821132.005001;
1591821132.059584;
1591821132.100056;
1591821132.135436;
1591821132.196817;
1591821132.237770;
1591821132.306115;
1591821132.347523;
1591821132.411443;
1591821132.452064;
1591821132.495116;
1591821132.548981;
1591821132.581701;
1591821132.613847;
1591821132.660754;
1591821132.682905;
1591821132.705172;
1591821132.727361;
1591821132.771656;
1591821132.812950;
1591821132.854009;
1591821132.915253;
1591821132.958887;
1591821133.024750;
1591821133.067217;
1591821133.133490;
1591821133.180529;
1591821133.223259;
1591821133.292299;
1591821133.344000;
1591821133.401723;
1591821133.445287;
1591821133.507277;
1591821133.548871;
1591821133.610049;
1591821133.650607;
1591821133.691105;
1591821133.755967;
1591821133.796010;
1591821133.857111;
1591821133.899699;
1591821133.942833;
1591821134.004467;
1591821134.044836;
1591821134.098133;
1591821134.120351;
1591821134.142504;
1591821134.164761;
1591821134.186988;
1591821134.247995;
1591821134.288820;
1591821134.338193;
1591821134.361328;
1591821134.384020;
1591821134.406217;
1591821134.450004;
1591821134.483895;
1591821134.506012;
1591821134.531804;
1591821134.595524;
1591821134.617670;
1591821134.640190;
1591821134.663085;
1591821134.706033;
1591821134.728302;
1591821134.750617;
1591821134.772791;
1591821134.815983;
1591821134.838349;
1591821134.860935;
1591821134.883480;
1591821134.906102;
1591821134.966033;
1591821135.006861;
1591821135.059588;
1591821135.082105;
1591821135.104508;
1591821135.127155;
1591821135.149529;
1591821135.206104;
1591821135.247299;
1591821135.308997;
1591821135.351770;
1591821135.413531;
1591821135.455051;
1591821135.497430;
1591821135.558658;
1591821135.599946;
1591821135.655561;
1591821135.677965;
1591821135.700575;
1591821135.723117;
1591821135.745578;
1591821135.806691;
1591821135.850419;
1591821135.914303;
1591821135.955670;
1591821136.012795;
1591821136.055739;
1591821136.097031;
1591821136.159149;
1591821136.202303;
1591821136.256888;
1591821136.280225;
1591821136.302676;
1591821136.325217;
1591821136.347747;
1591821136.401782;
1591821136.442021;
1591821136.496655;
1591821136.519716;
1591821136.541948;
1591821136.564184;
1591821136.586643;
1591821136.640110;
1591821136.683064;
1591821136.738073;
1591821136.760368;
1591821136.782691;
1591821136.804843;
1591821136.827173;
1591821136.883167;
1591821136.926119;
1591821136.979526;
1591821137.001641;
1591821137.023733;
1591821137.046017;
1591821137.089163;
1591821137.129609;
1591821137.169643;
1591821137.220864;
1591821137.243015;
1591821137.265354;
1591821137.287439;
1591821137.331664;
1591821137.372284;
1591821137.415113;
1591821137.463678;
1591821137.485732;
1591821137.508030;
1591821137.530396;
1591821137.577040;
1591821137.619097;
1591821137.660810;
1591821137.704683;
1591821137.726891;
1591821137.749173;
1591821137.771449;
1591821137.818979;
1591821137.859561;
1591821137.900238;
1591821137.961350;
1591821138.001992;
1591821138.056719;
1591821138.079219;
1591821138.101856;
1591821138.126485;
1591821138.170602;
1591821138.208679;
1591821138.249572;
1591821138.314173;
1591821138.358169;
1591821138.415822;
1591821138.438323;
1591821138.460819;
1591821138.483245;
1591821138.505572;
1591821138.557742;
1591821138.598868;
1591821138.660273;
1591821138.700936;
1591821138.742490;
1591821138.808335;
1591821138.851792;
1591821138.901780;
1591821138.924418;
1591821138.946989;
1591821138.969160;
1591821139.014972;
1591821139.055854;
1591821139.096737;
1591821139.144628;
1591821139.166959;
1591821139.189462;
1591821139.211708;
1591821139.259610;
1591821139.300417;
1591821139.341530;
1591821139.400263;
1591821139.443492;
1591821139.497511;
1591821139.519821;
1591821139.542008;
1591821139.564380;
1591821139.586610;
1591821139.647176;
1591821139.687799;
1591821139.749185;
1591821139.789843;
1591821139.851205;
1591821139.892561;
1591821139.933108;
1591821139.982513;
1591821140.004717;
1591821140.026968;
1591821140.049377;
1591821140.095309;
1591821140.136000;
1591821140.177728;
1591821140.235281;
1591821140.276150;
1591821140.339012;
1591821140.382987;
1591821140.427561;
1591821140.488955;
1591821140.530111;
1591821140.591442;
1591821140.632549;
1591821140.693773;
1591821140.734186;
1591821140.775008;
1591821140.823823;
1591821140.846258;
1591821140.868558;
1591821140.890783;
1591821140.938611;
1591821140.979909;
1591821141.021961;
1591821141.087597;
1591821141.130043;
1591821141.184219;
1591821141.223068;
1591821141.267885;
1591821141.329093;
1591821141.369766;
1591821141.431073;
1591821141.477364;
1591821141.536484;
1591821141.559044;
1591821141.581480;
1591821141.603699;
1591821141.625971;
1591821141.686793;
1591821141.730280;
1591821141.782077;
1591821141.804374;
1591821141.826696;
1591821141.848962;
1591821141.894830;
1591821141.935717;
1591821141.978681;
1591821142.037219;
1591821142.079721;
1591821142.140776;
1591821142.186461;
1591821142.248924;
1591821142.270989;
1591821142.293243;
1591821142.315510;
1591821142.337793;
1591821142.390174;
1591821142.433864;
1591821142.495318;
1591821142.535874;
1591821142.577747;
1591821142.624867;
1591821142.647251;
1591821142.669368;
1591821142.691698;
1591821142.739096;
1591821142.780799;
1591821142.822062;
1591821142.879846;
1591821142.921721;
1591821142.976343;
1591821142.998793;
1591821143.021128;
1591821143.043382;
1591821143.065757;
1591821143.125186;
1591821143.166620;
1591821143.227823;
1591821143.268654;
1591821143.330639;
1591821143.371574;
1591821143.414663;
1591821143.475833;
1591821143.516642;
1591821143.580782;
1591821143.624124;
1591821143.662493;
1591821143.720115;
1591821143.761427;
1591821143.822746;
1591821143.863507;
1591821143.905519;
1591821143.966691;
1591821144.012587;
1591821144.063919;
1591821144.086435;
1591821144.108938;
1591821144.131521;
1591821144.179284;
1591821144.220614;
1591821144.260206;
1591821144.328103;
1591821144.375593;
1591821144.438330;
1591821144.478842;
1591821144.536754;
1591821144.577505;
1591821144.618546;
1591821144.665528;
1591821144.687862;
1591821144.710169;
1591821144.733172;
1591821144.781707;
1591821144.822308;
1591821144.863666;
1591821144.925197;
1591821144.965798;
1591821145.027175;
1591821145.068120;
1591821145.130651;
1591821145.171841;
1591821145.212247;
1591821145.273964;
1591821145.314876;
1591821145.370274;
1591821145.392428;
1591821145.414907;
1591821145.437299;
1591821145.459828;
1591821145.514679;
1591821145.555413;
1591821145.616635;
1591821145.663693;
1591821145.730359;
1591821145.771667;
1591821145.812656;
1591821145.862599;
1591821145.884624;
1591821145.906614;
1591821145.928954;
1591821145.975044;
1591821146.016098;
1591821146.056916;
1591821146.104622;
1591821146.126855;
1591821146.149149;
1591821146.171291;
1591821146.211587;
1591821146.253980;
1591821146.294582;
1591821146.343488;
1591821146.365688;
1591821146.387926;
1591821146.410162;
1591821146.456980;
1591821146.497555;
1591821146.537991;
1591821146.601234;
1591821146.644418;
1591821146.698009;
1591821146.720179;
1591821146.742451;
1591821146.764662;
1591821146.786907;
1591821146.848024;
1591821146.888761;
1591821146.940592;
1591821146.963456;
1591821146.986027;
1591821147.008648;
1591821147.031445;
1591821147.090525;
1591821147.131606;
1591821147.182569;
1591821147.205361;
1591821147.228012;
1591821147.250513;
1591821147.297736;
1591821147.338770;
1591821147.380687;
1591821147.427095;
1591821147.450079;
1591821147.472903;
1591821147.495383;
1591821147.546934;
1591821147.587993;
