1591819637.829140;
1591819637.870406;
1591819637.911492;
1591819637.952846;
1591819637.993495;
1591819638.034647;
1591819638.076013;
1591819638.117096;
1591819638.157887;
1591819638.198756;
1591819638.239469;
1591819638.280176;
1591819638.321179;
1591819638.362185;
1591819638.403062;
1591819638.443871;
1591819638.485563;
1591819638.526504;
1591819638.567497;
1591819638.608207;
1591819638.648753;
1591819638.689512;
1591819638.730486;
1591819638.771469;
1591819638.812598;
1591819638.853321;
1591819638.894437;
1591819638.935624;
1591819638.976618;
1591819639.018056;
1591819639.058941;
1591819639.099611;
1591819639.140320;
1591819639.180532;
1591819639.221259;
1591819639.263030;
1591819639.303753;
1591819639.344238;
1591819639.385360;
1591819639.426742;
1591819639.468772;
1591819639.509165;
1591819639.549843;
1591819639.590639;
1591819639.631176;
1591819639.672155;
1591819639.715082;
1591819639.756314;
1591819639.797103;
1591819639.838387;
1591819639.879923;
1591819639.921834;
1591819639.962504;
1591819640.003395;
1591819640.044267;
1591819640.084871;
1591819640.125137;
1591819640.166644;
1591819640.207133;
1591819640.247593;
1591819640.288151;
1591819640.328225;
1591819640.368802;
1591819640.409765;
1591819640.450495;
1591819640.490978;
1591819640.531930;
1591819640.573160;
1591819640.614410;
1591819640.655821;
1591819640.696986;
1591819640.737408;
1591819640.777941;
1591819640.820010;
1591819640.861293;
1591819640.902632;
1591819640.943770;
1591819640.986989;
1591819641.023479;
1591819641.064845;
1591819641.105807;
1591819641.146317;
1591819641.187942;
1591819641.229254;
1591819641.269740;
1591819641.310328;
1591819641.353857;
1591819641.394760;
1591819641.435204;
1591819641.475923;
1591819641.516103;
1591819641.556765;
1591819641.597298;
1591819641.637700;
1591819641.678220;
1591819641.719034;
1591819641.759238;
1591819641.799780;
1591819641.840209;
1591819641.880705;
1591819641.920881;
1591819641.961507;
1591819642.001797;
1591819642.042348;
1591819642.082954;
1591819642.123559;
1591819642.163885;
1591819642.204397;
1591819642.245265;
1591819642.285734;
1591819642.326493;
1591819642.367121;
1591819642.407655;
1591819642.450407;
1591819642.492498;
1591819642.533511;
1591819642.574129;
1591819642.614541;
1591819642.655365;
1591819642.695746;
1591819642.736531;
1591819642.774608;
1591819642.819106;
1591819642.866713;
1591819642.914160;
1591819642.954999;
1591819642.997128;
1591819643.037884;
1591819643.078368;
1591819643.118832;
1591819643.159905;
1591819643.200640;
1591819643.241554;
1591819643.284642;
1591819643.325677;
1591819643.366726;
1591819643.409991;
1591819643.451142;
1591819643.491987;
1591819643.532608;
1591819643.573181;
1591819643.614243;
1591819643.655595;
1591819643.696457;
1591819643.738024;
1591819643.779110;
1591819643.820012;
1591819643.860537;
1591819643.901496;
1591819643.942316;
1591819643.983063;
1591819644.023592;
1591819644.063812;
1591819644.104573;
1591819644.145315;
1591819644.186011;
1591819644.223612;
1591819644.263954;
1591819644.304356;
1591819644.344910;
1591819644.385543;
1591819644.426239;
1591819644.467022;
1591819644.507924;
1591819644.548768;
1591819644.589313;
1591819644.630803;
1591819644.672498;
1591819644.713909;
1591819644.755399;
1591819644.796291;
1591819644.837556;
1591819644.878273;
1591819644.919177;
1591819644.960218;
1591819645.001457;
1591819645.042719;
1591819645.083364;
1591819645.123926;
1591819645.164834;
1591819645.206437;
1591819645.248248;
1591819645.288827;
1591819645.329423;
1591819645.369714;
1591819645.410157;
1591819645.450627;
1591819645.490865;
1591819645.532096;
1591819645.573030;
1591819645.613553;
1591819645.654550;
1591819645.695845;
1591819645.737029;
1591819645.778299;
1591819645.819715;
1591819645.860865;
1591819645.901539;
1591819645.942646;
1591819645.983022;
1591819646.024114;
1591819646.064872;
1591819646.105258;
1591819646.145756;
1591819646.186016;
1591819646.227014;
1591819646.267663;
1591819646.309110;
1591819646.350711;
1591819646.391427;
1591819646.432071;
1591819646.472531;
1591819646.513337;
1591819646.554407;
1591819646.595556;
1591819646.641696;
1591819646.688509;
1591819646.734500;
1591819646.780472;
1591819646.825980;
1591819646.866445;
1591819646.906779;
1591819646.947056;
1591819646.987621;
1591819647.029596;
1591819647.072290;
1591819647.119067;
1591819647.165629;
1591819647.212682;
1591819647.257915;
1591819647.302981;
1591819647.343590;
1591819647.384718;
1591819647.424927;
1591819647.465091;
1591819647.505497;
1591819647.545737;
1591819647.586174;
1591819647.626525;
1591819647.666943;
1591819647.707416;
1591819647.747685;
1591819647.788115;
1591819647.828482;
1591819647.868936;
1591819647.909858;
1591819647.950250;
1591819647.990836;
1591819648.031671;
1591819648.072410;
1591819648.113115;
1591819648.153630;
1591819648.194276;
1591819648.235206;
1591819648.275937;
1591819648.316471;
1591819648.357205;
1591819648.399461;
1591819648.444066;
1591819648.489783;
1591819648.535589;
1591819648.581121;
1591819648.623455;
1591819648.663683;
1591819648.703971;
1591819648.744352;
1591819648.789237;
1591819648.833987;
1591819648.878799;
1591819648.923249;
1591819648.968674;
1591819649.013271;
1591819649.055238;
1591819649.095742;
1591819649.136078;
1591819649.177452;
1591819649.224561;
1591819649.265129;
1591819649.303959;
1591819649.340699;
1591819649.376020;
1591819649.419557;
1591819649.461964;
1591819649.502500;
1591819649.543277;
1591819649.587080;
1591819649.633293;
1591819649.679481;
1591819649.715539;
1591819649.761821;
1591819649.807746;
1591819649.853526;
1591819649.894383;
1591819649.934730;
1591819649.975444;
1591819650.016027;
1591819650.061120;
1591819650.108423;
1591819650.148871;
1591819650.189382;
1591819650.229898;
1591819650.270226;
1591819650.310765;
1591819650.350959;
1591819650.391548;
1591819650.431997;
1591819650.472686;
1591819650.517422;
1591819650.561204;
1591819650.608014;
1591819650.649203;
1591819650.693296;
1591819650.733898;
1591819650.774517;
1591819650.815131;
1591819650.855846;
1591819650.897212;
1591819650.939635;
1591819650.980349;
1591819651.024221;
1591819651.065024;
1591819651.105904;
1591819651.147035;
1591819651.188315;
1591819651.230184;
1591819651.272282;
1591819651.312798;
1591819651.353317;
1591819651.394104;
1591819651.434757;
1591819651.478482;
1591819651.516671;
1591819651.558495;
1591819651.599277;
1591819651.639761;
1591819651.680313;
1591819651.720585;
1591819651.761048;
1591819651.801672;
1591819651.842160;
1591819651.882296;
1591819651.922899;
1591819651.963247;
1591819652.003527;
1591819652.043864;
1591819652.085324;
1591819652.126250;
1591819652.166892;
1591819652.207935;
1591819652.248093;
1591819652.288452;
1591819652.329029;
1591819652.369422;
1591819652.409896;
1591819652.450368;
1591819652.490489;
1591819652.531090;
1591819652.571269;
1591819652.611676;
1591819652.651965;
1591819652.692149;
1591819652.732664;
1591819652.773052;
1591819652.813297;
1591819652.853761;
1591819652.894021;
1591819652.934291;
1591819652.976057;
1591819653.016828;
1591819653.057338;
1591819653.098809;
1591819653.139266;
1591819653.180024;
1591819653.221933;
1591819653.262331;
1591819653.300213;
1591819653.341428;
1591819653.381770;
1591819653.422316;
1591819653.463787;
1591819653.504339;
1591819653.545158;
1591819653.586293;
1591819653.626754;
1591819653.667443;
1591819653.708935;
1591819653.749577;
1591819653.790275;
1591819653.831355;
1591819653.871877;
1591819653.912336;
1591819653.953453;
1591819653.994171;
1591819654.034886;
1591819654.076126;
1591819654.117108;
1591819654.157807;
1591819654.195996;
1591819654.231607;
1591819654.271841;
1591819654.314853;
1591819654.356479;
1591819654.396900;
1591819654.438692;
1591819654.479583;
1591819654.520809;
1591819654.562563;
1591819654.603621;
1591819654.644534;
1591819654.688953;
1591819654.730775;
1591819654.771683;
1591819654.814807;
1591819654.856050;
1591819654.896771;
1591819654.939331;
1591819654.980655;
1591819655.021832;
1591819655.063314;
1591819655.104106;
1591819655.144554;
1591819655.186594;
1591819655.227437;
1591819655.267640;
1591819655.309020;
1591819655.349771;
1591819655.390183;
1591819655.433465;
1591819655.474353;
1591819655.515378;
1591819655.556964;
1591819655.597740;
1591819655.638401;
1591819655.682114;
1591819655.723127;
1591819655.763641;
1591819655.806650;
1591819655.846902;
1591819655.887291;
1591819655.929440;
1591819655.969827;
1591819656.010478;
1591819656.051513;
1591819656.092768;
1591819656.133164;
1591819656.174739;
1591819656.215644;
1591819656.256088;
1591819656.302430;
1591819656.347926;
1591819656.392129;
1591819656.433655;
1591819656.474371;
1591819656.514952;
1591819656.558209;
1591819656.599083;
1591819656.639590;
1591819656.681317;
1591819656.721807;
1591819656.762319;
1591819656.803808;
1591819656.844594;
1591819656.884744;
1591819656.926056;
1591819656.966560;
1591819657.007101;
1591819657.044198;
1591819657.082393;
1591819657.124116;
1591819657.165396;
1591819657.206476;
1591819657.246989;
1591819657.288712;
1591819657.329328;
1591819657.369936;
1591819657.412036;
1591819657.453613;
1591819657.495306;
1591819657.536921;
1591819657.578051;
1591819657.619439;
1591819657.661203;
1591819657.702717;
1591819657.743907;
1591819657.785588;
1591819657.827895;
1591819657.868879;
1591819657.910391;
1591819657.951249;
1591819657.992400;
1591819658.033199;
1591819658.073972;
1591819658.115123;
1591819658.154483;
1591819658.196379;
1591819658.238320;
1591819658.276272;
1591819658.317143;
1591819658.357951;
1591819658.404283;
1591819658.447017;
1591819658.490266;
1591819658.531534;
1591819658.573644;
1591819658.614034;
1591819658.654603;
1591819658.694910;
1591819658.735258;
1591819658.775861;
1591819658.817556;
1591819658.859227;
1591819658.899756;
1591819658.940458;
1591819658.981184;
1591819659.025101;
1591819659.066444;
1591819659.106339;
1591819659.146847;
1591819659.187381;
1591819659.228007;
1591819659.268205;
1591819659.308629;
1591819659.349079;
1591819659.389253;
1591819659.429781;
1591819659.470135;
1591819659.510483;
1591819659.550849;
1591819659.591249;
1591819659.631621;
1591819659.672153;
1591819659.713302;
1591819659.755004;
1591819659.795641;
1591819659.831785;
1591819659.863796;
1591819659.902347;
1591819659.943204;
1591819659.984047;
1591819660.024543;
1591819660.065002;
1591819660.107987;
1591819660.149689;
1591819660.189963;
1591819660.230534;
1591819660.270848;
1591819660.311172;
1591819660.351561;
1591819660.392415;
1591819660.432779;
1591819660.473208;
1591819660.513644;
1591819660.553844;
1591819660.594012;
1591819660.634416;
1591819660.674858;
1591819660.715371;
1591819660.755654;
1591819660.796150;
1591819660.836227;
1591819660.876731;
1591819660.916960;
1591819660.957145;
1591819660.998115;
1591819661.038568;
1591819661.079793;
1591819661.120129;
1591819661.160240;
1591819661.201492;
1591819661.242285;
1591819661.282995;
1591819661.324097;
1591819661.364602;
1591819661.405390;
1591819661.446727;
1591819661.486893;
1591819661.527624;
1591819661.569165;
1591819661.609605;
1591819661.650247;
1591819661.691626;
1591819661.732267;
1591819661.773174;
1591819661.814559;
1591819661.855234;
1591819661.895674;
1591819661.936647;
1591819661.976920;
1591819662.018225;
1591819662.058906;
1591819662.099358;
1591819662.139760;
1591819662.180894;
1591819662.220961;
1591819662.262505;
1591819662.303699;
1591819662.344166;
1591819662.384569;
1591819662.425708;
1591819662.465993;
1591819662.506552;
1591819662.548201;
1591819662.588949;
1591819662.629153;
1591819662.670475;
1591819662.710913;
1591819662.751354;
1591819662.792813;
1591819662.833265;
1591819662.873540;
1591819662.914760;
1591819662.954897;
1591819662.995141;
1591819663.035564;
1591819663.075949;
1591819663.116475;
1591819663.156929;
1591819663.197365;
1591819663.237833;
1591819663.278019;
1591819663.318583;
1591819663.358717;
1591819663.399348;
1591819663.439468;
1591819663.479970;
1591819663.520346;
1591819663.560739;
1591819663.601061;
1591819663.641513;
1591819663.681814;
1591819663.722336;
1591819663.762783;
1591819663.802946;
1591819663.843366;
1591819663.883897;
1591819663.924000;
1591819663.964971;
1591819664.005541;
1591819664.046128;
1591819664.086498;
1591819664.127035;
1591819664.167363;
1591819664.208205;
1591819664.248662;
1591819664.288931;
1591819664.329695;
1591819664.370733;
1591819664.411427;
1591819664.451869;
1591819664.492450;
1591819664.532964;
1591819664.573326;
1591819664.613786;
1591819664.654210;
1591819664.694442;
1591819664.734923;
1591819664.775124;
1591819664.815591;
1591819664.855903;
1591819664.896127;
1591819664.936568;
1591819664.977126;
1591819665.017573;
1591819665.057884;
1591819665.098113;
1591819665.138704;
1591819665.179159;
1591819665.220070;
1591819665.260799;
1591819665.301281;
1591819665.341777;
1591819665.382059;
1591819665.423042;
1591819665.463553;
1591819665.503658;
1591819665.543969;
1591819665.584227;
1591819665.624545;
1591819665.664821;
1591819665.705747;
1591819665.746156;
1591819665.786551;
1591819665.827179;
1591819665.867694;
1591819665.908216;
1591819665.948767;
1591819665.989131;
1591819666.029359;
1591819666.069922;
1591819666.110288;
1591819666.150613;
1591819666.190904;
1591819666.232747;
1591819666.272912;
1591819666.313436;
1591819666.353573;
1591819666.394012;
1591819666.434293;
1591819666.474783;
1591819666.515686;
1591819666.555718;
1591819666.596126;
1591819666.636234;
1591819666.676584;
1591819666.717132;
1591819666.757318;
1591819666.797709;
1591819666.838056;
1591819666.878922;
1591819666.919123;
1591819666.959316;
1591819666.999700;
1591819667.039928;
1591819667.080220;
1591819667.120400;
1591819667.160846;
1591819667.201475;
1591819667.241776;
1591819667.282055;
1591819667.322356;
1591819667.362803;
1591819667.402986;
1591819667.443408;
1591819667.483808;
1591819667.524295;
1591819667.564733;
1591819667.604734;
1591819667.645106;
1591819667.686002;
1591819667.726608;
1591819667.766679;
1591819667.807286;
1591819667.847743;
1591819667.888056;
1591819667.928271;
1591819667.968910;
1591819668.013645;
1591819668.054161;
1591819668.094658;
1591819668.135314;
1591819668.175928;
1591819668.216806;
1591819668.257313;
1591819668.297664;
1591819668.337971;
1591819668.378493;
1591819668.419038;
1591819668.460022;
1591819668.499948;
1591819668.540433;
1591819668.580698;
1591819668.621457;
1591819668.662175;
1591819668.703019;
1591819668.743762;
1591819668.784354;
1591819668.825105;
1591819668.866281;
1591819668.906801;
1591819668.947570;
1591819668.987906;
1591819669.028564;
1591819669.069085;
1591819669.110039;
1591819669.150524;
1591819669.190756;
1591819669.231503;
1591819669.271729;
1591819669.311928;
1591819669.352515;
1591819669.392843;
1591819669.433414;
1591819669.473941;
1591819669.514406;
1591819669.555097;
1591819669.595465;
1591819669.636188;
1591819669.676700;
1591819669.717328;
1591819669.757541;
1591819669.798208;
1591819669.838867;
1591819669.879097;
1591819669.919737;
1591819669.960257;
1591819670.000623;
1591819670.041214;
1591819670.081692;
1591819670.122440;
1591819670.162933;
1591819670.203647;
1591819670.244362;
1591819670.289690;
1591819670.330108;
1591819670.370567;
1591819670.410993;
1591819670.451561;
1591819670.491849;
1591819670.532365;
1591819670.572818;
1591819670.613294;
1591819670.653564;
1591819670.694110;
1591819670.734419;
1591819670.775145;
1591819670.815542;
1591819670.856159;
1591819670.896619;
1591819670.937353;
1591819670.977687;
1591819671.018001;
1591819671.058593;
1591819671.099073;
1591819671.140012;
1591819671.181793;
1591819671.222917;
1591819671.263292;
1591819671.304183;
1591819671.344835;
1591819671.386882;
1591819671.429307;
1591819671.469518;
1591819671.510381;
1591819671.551622;
1591819671.594383;
1591819671.636006;
1591819671.675608;
1591819671.716282;
1591819671.757295;
1591819671.799025;
1591819671.839433;
1591819671.879683;
1591819671.920449;
1591819671.961027;
1591819672.001339;
1591819672.041716;
1591819672.082529;
1591819672.122974;
1591819672.163506;
1591819672.204135;
1591819672.244800;
1591819672.285715;
1591819672.328087;
1591819672.370588;
1591819672.413961;
1591819672.455884;
1591819672.497905;
1591819672.538438;
1591819672.579443;
1591819672.621848;
1591819672.664006;
1591819672.704724;
1591819672.745830;
1591819672.786584;
1591819672.827591;
1591819672.868197;
1591819672.908763;
1591819672.949773;
1591819672.990943;
1591819673.034089;
1591819673.075793;
1591819673.117148;
1591819673.158383;
1591819673.199509;
1591819673.241360;
1591819673.282995;
1591819673.324645;
1591819673.365760;
1591819673.407587;
1591819673.448647;
1591819673.488015;
1591819673.528867;
1591819673.569198;
1591819673.609768;
1591819673.650378;
1591819673.691103;
1591819673.731866;
1591819673.772148;
1591819673.812804;
1591819673.853951;
1591819673.894711;
1591819673.938290;
1591819673.979095;
1591819674.021365;
1591819674.062937;
1591819674.101067;
1591819674.143733;
1591819674.185886;
1591819674.230248;
1591819674.273837;
1591819674.314713;
1591819674.355432;
1591819674.396011;
1591819674.436597;
1591819674.477444;
1591819674.517974;
1591819674.558471;
1591819674.599924;
1591819674.640326;
1591819674.680391;
1591819674.721073;
1591819674.761523;
1591819674.802468;
1591819674.843149;
1591819674.883741;
1591819674.924443;
1591819674.965064;
1591819675.005802;
1591819675.046260;
1591819675.086894;
1591819675.127692;
1591819675.168219;
1591819675.208785;
1591819675.249370;
1591819675.290078;
1591819675.330633;
1591819675.374014;
1591819675.414407;
1591819675.454449;
1591819675.487991;
1591819675.531061;
1591819675.572179;
1591819675.615144;
1591819675.659688;
1591819675.699106;
1591819675.739885;
1591819675.781070;
1591819675.822495;
1591819675.863549;
1591819675.904387;
1591819675.947729;
1591819675.989637;
1591819676.030911;
1591819676.071730;
1591819676.112278;
1591819676.153113;
1591819676.190399;
1591819676.212927;
1591819676.236869;
1591819676.282391;
1591819676.324505;
1591819676.365189;
1591819676.405471;
1591819676.446169;
1591819676.486735;
1591819676.527754;
1591819676.568242;
1591819676.609437;
1591819676.650048;
1591819676.690615;
1591819676.731368;
1591819676.772015;
1591819676.812824;
1591819676.853435;
1591819676.894188;
1591819676.934919;
1591819676.956939;
1591819676.979353;
1591819677.009495;
1591819677.050100;
1591819677.090580;
1591819677.131904;
1591819677.172791;
1591819677.213669;
1591819677.254321;
1591819677.295366;
1591819677.336449;
1591819677.377206;
1591819677.418146;
1591819677.459917;
1591819677.500282;
1591819677.540965;
1591819677.581697;
1591819677.622276;
1591819677.662967;
1591819677.703545;
1591819677.744001;
1591819677.784410;
1591819677.824384;
1591819677.865286;
1591819677.905695;
1591819677.945996;
1591819677.986400;
1591819678.026649;
1591819678.066778;
1591819678.107180;
1591819678.147748;
1591819678.188052;
1591819678.228418;
1591819678.268981;
1591819678.309185;
1591819678.349433;
1591819678.390173;
1591819678.433752;
1591819678.474331;
1591819678.517942;
1591819678.559137;
1591819678.603084;
1591819678.646254;
1591819678.687492;
