1591819888.990941;
1591819889.017852;
1591819889.040142;
1591819889.062555;
1591819889.084864;
1591819889.107103;
1591819889.129550;
1591819889.152293;
1591819889.174544;
1591819889.196740;
1591819889.218943;
1591819889.241635;
1591819889.264304;
1591819889.286765;
1591819889.309069;
1591819889.331319;
1591819889.353928;
1591819889.376165;
1591819889.398679;
1591819889.421005;
1591819889.443253;
1591819889.465979;
1591819889.488555;
1591819889.513414;
1591819889.535562;
1591819889.557778;
1591819889.580104;
1591819889.602540;
1591819889.624717;
1591819889.647054;
1591819889.669860;
1591819889.692212;
1591819889.714478;
1591819889.736741;
1591819889.759171;
1591819889.781286;
1591819889.803564;
1591819889.826219;
1591819889.848229;
1591819889.870286;
1591819889.892437;
1591819889.914655;
1591819889.937393;
1591819889.959935;
1591819889.982062;
1591819890.004078;
1591819890.026721;
1591819890.049109;
1591819890.071548;
1591819890.093785;
1591819890.115959;
1591819890.138237;
1591819890.160262;
1591819890.182235;
1591819890.204538;
1591819890.227019;
1591819890.249374;
1591819890.271583;
1591819890.293769;
1591819890.315853;
1591819890.338227;
1591819890.360425;
1591819890.382326;
1591819890.404374;
1591819890.426766;
1591819890.449262;
1591819890.471304;
1591819890.493471;
1591819890.515457;
1591819890.537750;
1591819890.559737;
1591819890.581987;
1591819890.604000;
1591819890.626184;
1591819890.648165;
1591819890.670128;
1591819890.692069;
1591819890.715062;
1591819890.737218;
1591819890.759402;
1591819890.781544;
1591819890.803654;
1591819890.825963;
1591819890.848099;
1591819890.870319;
1591819890.892351;
1591819890.914452;
1591819890.936900;
1591819890.958818;
1591819890.981216;
1591819891.003397;
1591819891.025417;
1591819891.047762;
1591819891.069935;
1591819891.091928;
1591819891.114015;
1591819891.136101;
1591819891.158423;
1591819891.180435;
1591819891.202700;
1591819891.224733;
1591819891.246795;
1591819891.268814;
1591819891.291385;
1591819891.313906;
1591819891.336507;
1591819891.358931;
1591819891.381330;
1591819891.403374;
1591819891.425480;
1591819891.447612;
1591819891.469727;
1591819891.491982;
1591819891.514040;
1591819891.536421;
1591819891.558617;
1591819891.581043;
1591819891.603377;
1591819891.625549;
1591819891.647416;
1591819891.669342;
1591819891.691530;
1591819891.713817;
1591819891.735808;
1591819891.757892;
1591819891.780190;
1591819891.802233;
1591819891.824475;
1591819891.846549;
1591819891.869041;
1591819891.891000;
1591819891.913317;
1591819891.935681;
1591819891.957892;
1591819891.980209;
1591819892.002365;
1591819892.024554;
1591819892.046642;
1591819892.068706;
1591819892.090760;
1591819892.112867;
1591819892.134904;
1591819892.157197;
1591819892.179418;
1591819892.201768;
1591819892.223959;
1591819892.246185;
1591819892.268362;
1591819892.290222;
1591819892.312265;
1591819892.334301;
1591819892.356526;
1591819892.378874;
1591819892.400991;
1591819892.423074;
1591819892.445303;
1591819892.467309;
1591819892.489496;
1591819892.511795;
1591819892.534049;
1591819892.556254;
1591819892.578245;
1591819892.600439;
1591819892.622554;
1591819892.645168;
1591819892.667320;
1591819892.689615;
1591819892.711708;
1591819892.733845;
1591819892.756081;
1591819892.778921;
1591819892.800984;
1591819892.823062;
1591819892.845163;
1591819892.867395;
1591819892.893937;
1591819892.916308;
1591819892.938361;
1591819892.960772;
1591819892.983263;
1591819893.005547;
1591819893.027863;
1591819893.050831;
1591819893.073249;
1591819893.095636;
1591819893.118218;
1591819893.140991;
1591819893.163695;
1591819893.185915;
1591819893.208292;
1591819893.230569;
1591819893.252827;
1591819893.275074;
1591819893.297128;
1591819893.319230;
1591819893.341362;
1591819893.363553;
1591819893.385771;
1591819893.407865;
1591819893.429990;
1591819893.452176;
1591819893.474618;
1591819893.496818;
1591819893.523062;
1591819893.545152;
1591819893.567468;
1591819893.589714;
1591819893.611979;
1591819893.633985;
1591819893.656060;
1591819893.678213;
1591819893.700150;
1591819893.722086;
1591819893.744193;
1591819893.766271;
1591819893.788457;
1591819893.810650;
1591819893.832604;
1591819893.854622;
1591819893.876762;
1591819893.898877;
1591819893.921016;
1591819893.943436;
1591819893.965707;
1591819893.987657;
1591819894.009549;
1591819894.031642;
1591819894.053865;
1591819894.075979;
1591819894.098152;
1591819894.120255;
1591819894.142559;
1591819894.164792;
1591819894.187043;
1591819894.209224;
1591819894.231227;
1591819894.253295;
1591819894.275620;
1591819894.297816;
1591819894.319902;
1591819894.342038;
1591819894.364190;
1591819894.386444;
1591819894.408583;
1591819894.430761;
1591819894.452816;
1591819894.474827;
1591819894.497278;
1591819894.519556;
1591819894.541912;
1591819894.564170;
1591819894.586261;
1591819894.608631;
1591819894.630810;
1591819894.653021;
1591819894.675033;
1591819894.697769;
1591819894.719953;
1591819894.742153;
1591819894.764207;
1591819894.786317;
1591819894.808566;
1591819894.830802;
1591819894.852867;
1591819894.874921;
1591819894.897019;
1591819894.919362;
1591819894.941524;
1591819894.963460;
1591819894.985554;
1591819895.007974;
1591819895.030251;
1591819895.052362;
1591819895.074666;
1591819895.096816;
1591819895.118849;
1591819895.140958;
1591819895.163133;
1591819895.185137;
1591819895.207669;
1591819895.229696;
1591819895.251854;
1591819895.274020;
1591819895.296025;
1591819895.318023;
1591819895.340063;
1591819895.362183;
1591819895.384285;
1591819895.406434;
1591819895.428642;
1591819895.450750;
1591819895.472646;
1591819895.494436;
1591819895.516435;
1591819895.538529;
1591819895.560613;
1591819895.582891;
1591819895.605040;
1591819895.627044;
1591819895.649122;
1591819895.671301;
1591819895.693455;
1591819895.715400;
1591819895.737546;
1591819895.759499;
1591819895.781689;
1591819895.803831;
1591819895.827834;
1591819895.849910;
1591819895.871873;
1591819895.893923;
1591819895.915853;
1591819895.937830;
1591819895.959849;
1591819895.981817;
1591819896.003815;
1591819896.025816;
1591819896.047753;
1591819896.069898;
1591819896.092020;
1591819896.114004;
1591819896.136208;
1591819896.158451;
1591819896.180526;
1591819896.202726;
1591819896.224710;
1591819896.246892;
1591819896.268977;
1591819896.291178;
1591819896.313351;
1591819896.335313;
1591819896.357511;
1591819896.380280;
1591819896.402383;
1591819896.424418;
1591819896.446454;
1591819896.468636;
1591819896.490577;
1591819896.512842;
1591819896.534841;
1591819896.558984;
1591819896.580990;
1591819896.602981;
1591819896.625160;
1591819896.647202;
1591819896.669350;
1591819896.691498;
1591819896.713606;
1591819896.735489;
1591819896.757595;
1591819896.779576;
1591819896.801723;
1591819896.823848;
1591819896.845908;
1591819896.868073;
1591819896.890146;
1591819896.912444;
1591819896.934717;
1591819896.956787;
1591819896.978889;
1591819897.001019;
1591819897.023181;
1591819897.045101;
1591819897.067138;
1591819897.089087;
1591819897.111190;
1591819897.133361;
1591819897.155323;
1591819897.177288;
1591819897.199476;
1591819897.221403;
1591819897.243525;
1591819897.265654;
1591819897.287691;
1591819897.309765;
1591819897.331895;
1591819897.354060;
1591819897.376042;
1591819897.398249;
1591819897.420326;
1591819897.442469;
1591819897.464536;
1591819897.486672;
1591819897.508695;
1591819897.539225;
1591819897.561558;
1591819897.583852;
1591819897.606171;
1591819897.628519;
1591819897.650873;
1591819897.673189;
1591819897.695442;
1591819897.717822;
1591819897.740177;
1591819897.762487;
1591819897.784868;
1591819897.807156;
1591819897.829238;
1591819897.851615;
1591819897.874036;
1591819897.896282;
1591819897.918467;
1591819897.941176;
1591819897.963426;
1591819897.985570;
1591819898.007723;
1591819898.030008;
1591819898.052241;
1591819898.074416;
1591819898.096775;
1591819898.119163;
1591819898.141441;
1591819898.163766;
1591819898.186083;
1591819898.208430;
1591819898.230785;
1591819898.252883;
1591819898.275063;
1591819898.297370;
1591819898.319572;
1591819898.341913;
1591819898.364099;
1591819898.387065;
1591819898.409785;
1591819898.432303;
1591819898.454839;
1591819898.477100;
1591819898.499282;
1591819898.521772;
1591819898.544220;
1591819898.566649;
1591819898.588968;
1591819898.611769;
1591819898.634156;
1591819898.656576;
1591819898.679092;
1591819898.701661;
1591819898.724193;
1591819898.746552;
1591819898.768811;
1591819898.791025;
1591819898.813453;
1591819898.835902;
1591819898.858246;
1591819898.880583;
1591819898.903135;
1591819898.925369;
1591819898.947630;
1591819898.970011;
1591819898.992304;
1591819899.014476;
1591819899.036854;
1591819899.059050;
1591819899.081307;
1591819899.103466;
1591819899.126135;
1591819899.148475;
1591819899.170774;
1591819899.193180;
1591819899.215413;
1591819899.237772;
1591819899.260460;
1591819899.282697;
1591819899.305115;
1591819899.329209;
1591819899.352833;
1591819899.375500;
1591819899.397950;
1591819899.420417;
1591819899.442870;
1591819899.465204;
1591819899.487293;
1591819899.509614;
1591819899.531897;
1591819899.554231;
1591819899.576541;
1591819899.598737;
1591819899.620896;
1591819899.643302;
1591819899.665555;
1591819899.687940;
1591819899.710389;
1591819899.732737;
1591819899.754912;
1591819899.777124;
1591819899.799528;
1591819899.821783;
1591819899.844150;
1591819899.866482;
1591819899.888867;
1591819899.911242;
1591819899.933631;
1591819899.955885;
1591819899.978201;
1591819900.000384;
1591819900.022748;
1591819900.044964;
1591819900.067308;
1591819900.089633;
1591819900.112004;
1591819900.134186;
1591819900.156801;
1591819900.179243;
1591819900.201653;
1591819900.224035;
1591819900.246665;
1591819900.269087;
1591819900.291373;
1591819900.313628;
1591819900.335963;
1591819900.358290;
1591819900.380688;
1591819900.402904;
1591819900.425288;
1591819900.447675;
1591819900.470067;
1591819900.492873;
1591819900.515174;
1591819900.537520;
1591819900.559959;
1591819900.582214;
1591819900.604506;
1591819900.626823;
1591819900.649241;
1591819900.671485;
1591819900.693682;
1591819900.716134;
1591819900.738400;
1591819900.760733;
1591819900.783246;
1591819900.805595;
1591819900.827631;
1591819900.850132;
1591819900.872190;
1591819900.894361;
1591819900.916688;
1591819900.939105;
1591819900.961421;
1591819900.983799;
1591819901.005990;
1591819901.028386;
1591819901.050706;
1591819901.073061;
1591819901.095278;
1591819901.117722;
1591819901.139783;
1591819901.162146;
1591819901.184517;
1591819901.207055;
1591819901.229245;
1591819901.251703;
1591819901.274095;
1591819901.296402;
1591819901.318764;
1591819901.341110;
1591819901.363215;
1591819901.385658;
1591819901.408145;
1591819901.430414;
1591819901.452635;
1591819901.474929;
1591819901.497121;
1591819901.519299;
1591819901.541631;
1591819901.564101;
1591819901.586431;
1591819901.608741;
1591819901.630902;
1591819901.653425;
1591819901.675633;
1591819901.698020;
1591819901.720519;
1591819901.743152;
1591819901.765664;
1591819901.788129;
1591819901.810504;
1591819901.833221;
1591819901.855598;
1591819901.878016;
1591819901.900291;
1591819901.922715;
1591819901.945193;
1591819901.967555;
1591819901.989959;
1591819902.012324;
1591819902.034853;
1591819902.057317;
1591819902.079668;
1591819902.101856;
1591819902.124068;
1591819902.146347;
1591819902.168783;
1591819902.191220;
1591819902.213715;
1591819902.236200;
1591819902.258390;
1591819902.280718;
1591819902.302996;
1591819902.325503;
1591819902.347953;
1591819902.370257;
1591819902.392697;
1591819902.415016;
1591819902.437505;
1591819902.459803;
1591819902.482088;
1591819902.504924;
1591819902.527153;
1591819902.549589;
1591819902.571841;
1591819902.594294;
1591819902.616603;
1591819902.638894;
1591819902.661245;
1591819902.683460;
1591819902.705682;
1591819902.728042;
1591819902.751685;
1591819902.773749;
1591819902.795936;
1591819902.818257;
1591819902.840831;
1591819902.863061;
1591819902.885360;
1591819902.907687;
1591819902.930038;
1591819902.952316;
1591819902.975634;
1591819902.998060;
1591819903.020458;
1591819903.042683;
1591819903.065024;
1591819903.087504;
1591819903.110155;
1591819903.132586;
1591819903.155002;
1591819903.177403;
1591819903.199723;
1591819903.222202;
1591819903.244578;
1591819903.266857;
1591819903.289249;
1591819903.311609;
1591819903.334007;
1591819903.356292;
1591819903.378704;
1591819903.401185;
1591819903.423524;
1591819903.445921;
1591819903.468573;
1591819903.491055;
1591819903.513449;
1591819903.535822;
1591819903.558311;
1591819903.580507;
1591819903.603129;
1591819903.625476;
1591819903.647843;
1591819903.670184;
1591819903.692436;
1591819903.714726;
1591819903.736953;
1591819903.759377;
1591819903.781717;
1591819903.803975;
1591819903.826375;
1591819903.848713;
1591819903.870905;
1591819903.893110;
1591819903.915320;
1591819903.937564;
1591819903.960068;
1591819903.982425;
1591819904.004808;
1591819904.026890;
1591819904.049329;
1591819904.071554;
1591819904.093913;
1591819904.116176;
1591819904.138510;
1591819904.160667;
1591819904.182856;
1591819904.205132;
1591819904.227570;
1591819904.252058;
1591819904.275189;
1591819904.297625;
1591819904.319927;
1591819904.342149;
1591819904.364475;
1591819904.386832;
1591819904.409154;
1591819904.431376;
1591819904.453643;
1591819904.476114;
1591819904.498485;
1591819904.520735;
1591819904.543090;
1591819904.565377;
1591819904.587722;
1591819904.610249;
1591819904.632607;
1591819904.654868;
1591819904.677078;
1591819904.699544;
1591819904.721921;
1591819904.744355;
1591819904.766825;
1591819904.789237;
1591819904.811531;
1591819904.833854;
1591819904.856483;
1591819904.879483;
1591819904.901949;
1591819904.924330;
1591819904.946510;
1591819904.968856;
1591819904.991086;
1591819905.013397;
1591819905.035729;
1591819905.058094;
1591819905.080397;
1591819905.102623;
1591819905.125028;
1591819905.147031;
1591819905.169372;
1591819905.191668;
1591819905.214127;
1591819905.236313;
1591819905.258638;
1591819905.280902;
1591819905.303380;
1591819905.325826;
1591819905.348098;
1591819905.370530;
1591819905.392943;
1591819905.415243;
1591819905.437619;
1591819905.459908;
1591819905.482349;
1591819905.504825;
1591819905.527146;
1591819905.549539;
1591819905.571782;
1591819905.594117;
1591819905.616386;
1591819905.638815;
1591819905.661238;
1591819905.684156;
1591819905.706267;
1591819905.728985;
1591819905.751148;
1591819905.773549;
1591819905.795852;
1591819905.818170;
1591819905.840153;
1591819905.862557;
1591819905.885546;
1591819905.907890;
1591819905.930287;
1591819905.952498;
1591819905.974906;
1591819905.997328;
1591819906.019436;
1591819906.041533;
1591819906.064209;
1591819906.087179;
1591819906.109569;
1591819906.131924;
1591819906.154402;
1591819906.176704;
1591819906.198972;
1591819906.221396;
1591819906.243966;
1591819906.266118;
1591819906.288517;
1591819906.310857;
1591819906.333754;
1591819906.355937;
1591819906.378354;
1591819906.400923;
1591819906.423405;
1591819906.445618;
1591819906.468030;
1591819906.490272;
1591819906.512703;
1591819906.535169;
1591819906.557571;
1591819906.580194;
1591819906.602670;
1591819906.625148;
1591819906.647481;
1591819906.669899;
1591819906.692179;
1591819906.714716;
1591819906.737375;
1591819906.762221;
1591819906.784481;
1591819906.806931;
1591819906.829158;
1591819906.851608;
1591819906.873988;
1591819906.896379;
1591819906.918791;
1591819906.941128;
1591819906.963584;
1591819906.985934;
1591819907.008196;
1591819907.030453;
1591819907.052759;
1591819907.075104;
1591819907.097428;
1591819907.120246;
1591819907.142555;
1591819907.164961;
1591819907.187336;
1591819907.209634;
1591819907.231889;
1591819907.254390;
1591819907.276882;
1591819907.299101;
1591819907.321533;
1591819907.343839;
1591819907.366127;
1591819907.388555;
1591819907.410993;
1591819907.433528;
1591819907.455996;
1591819907.478221;
1591819907.500659;
1591819907.522961;
1591819907.545471;
1591819907.567788;
1591819907.590352;
1591819907.612965;
1591819907.635316;
1591819907.657729;
1591819907.680124;
1591819907.702337;
1591819907.724598;
1591819907.747049;
1591819907.769328;
1591819907.791662;
1591819907.814065;
1591819907.836382;
1591819907.858726;
1591819907.881182;
1591819907.903646;
1591819907.926201;
1591819907.948752;
1591819907.971046;
1591819907.993481;
1591819908.015834;
1591819908.038112;
1591819908.060463;
1591819908.082658;
1591819908.105435;
1591819908.129617;
1591819908.152261;
1591819908.174689;
1591819908.196880;
1591819908.219311;
1591819908.241717;
1591819908.264168;
1591819908.286598;
1591819908.308925;
1591819908.331378;
1591819908.354086;
1591819908.376443;
1591819908.398875;
1591819908.421296;
1591819908.443759;
1591819908.466255;
1591819908.488703;
1591819908.510955;
1591819908.533223;
1591819908.555752;
1591819908.578003;
1591819908.600355;
1591819908.622667;
1591819908.644952;
1591819908.667222;
1591819908.689656;
1591819908.712138;
1591819908.734401;
1591819908.757134;
1591819908.779662;
1591819908.801967;
1591819908.824404;
1591819908.846862;
1591819908.869726;
1591819908.892328;
1591819908.914729;
1591819908.937256;
1591819908.959830;
1591819908.982224;
1591819909.005074;
1591819909.027820;
1591819909.050616;
1591819909.073106;
1591819909.095699;
1591819909.118414;
1591819909.140709;
1591819909.164693;
1591819909.188023;
1591819909.211154;
1591819909.234280;
1591819909.257693;
1591819909.280471;
1591819909.306159;
1591819909.331777;
1591819909.354588;
1591819909.378087;
1591819909.402686;
1591819909.426221;
1591819909.448992;
1591819909.471812;
1591819909.494666;
1591819909.517186;
1591819909.539711;
1591819909.562347;
1591819909.585024;
1591819909.607456;
1591819909.630036;
1591819909.652759;
1591819909.675171;
1591819909.697887;
1591819909.720459;
1591819909.743018;
1591819909.765688;
1591819909.788293;
1591819909.810950;
1591819909.833333;
1591819909.855959;
1591819909.878503;
1591819909.901378;
1591819909.924852;
1591819909.947637;
1591819909.970522;
1591819909.993622;
1591819910.016677;
1591819910.039476;
1591819910.062045;
1591819910.084882;
1591819910.107670;
1591819910.130379;
1591819910.153152;
1591819910.178352;
1591819910.201016;
1591819910.223747;
1591819910.246449;
1591819910.269006;
1591819910.291781;
1591819910.314147;
1591819910.336664;
1591819910.359282;
1591819910.381850;
1591819910.404434;
1591819910.427061;
1591819910.449440;
1591819910.471852;
1591819910.494399;
1591819910.516640;
1591819910.539248;
1591819910.561797;
1591819910.584350;
1591819910.606782;
1591819910.629338;
1591819910.651912;
1591819910.674516;
1591819910.697153;
1591819910.720015;
1591819910.742660;
1591819910.765272;
1591819910.787945;
1591819910.810606;
1591819910.832968;
1591819910.855459;
1591819910.877958;
1591819910.900337;
1591819910.922827;
1591819910.945357;
1591819910.967901;
1591819910.990503;
1591819911.012877;
1591819911.035206;
1591819911.057534;
1591819911.080193;
1591819911.103145;
1591819911.125678;
1591819911.148380;
1591819911.171324;
1591819911.194049;
1591819911.216872;
1591819911.239391;
1591819911.261923;
1591819911.284375;
1591819911.307456;
1591819911.331199;
1591819911.354082;
1591819930.560689;
1591819930.591664;
1591819930.614656;
1591819930.636798;
1591819930.659014;
1591819930.681239;
1591819930.703601;
1591819930.726288;
1591819930.748541;
1591819930.770844;
1591819930.793248;
1591819930.815522;
1591819930.837813;
1591819930.859874;
1591819930.882003;
1591819930.904172;
1591819930.926248;
1591819930.948408;
1591819930.970761;
1591819930.992756;
1591819931.015295;
1591819931.037535;
1591819931.059673;
1591819931.082075;
1591819931.104230;
1591819931.126256;
1591819931.148489;
1591819931.170940;
1591819931.193076;
1591819931.215337;
1591819931.237717;
1591819931.260039;
1591819931.282166;
1591819931.304359;
1591819931.326457;
1591819931.348635;
1591819931.371024;
1591819931.393349;
1591819931.415523;
1591819931.438146;
1591819931.460198;
1591819931.482539;
1591819931.505036;
1591819931.527236;
1591819931.549407;
1591819931.571396;
1591819931.593668;
1591819931.615854;
1591819931.638333;
1591819931.660485;
1591819931.682405;
1591819931.704537;
1591819931.726718;
1591819931.748891;
1591819931.771137;
1591819931.795296;
1591819931.817481;
1591819931.839872;
1591819931.862024;
1591819931.884134;
1591819931.906295;
1591819931.928495;
1591819931.950816;
1591819931.972995;
1591819931.995083;
1591819932.017273;
1591819932.039350;
1591819932.061516;
1591819932.083812;
1591819932.105803;
1591819932.127795;
1591819932.150129;
1591819932.172520;
1591819932.194535;
1591819932.216590;
1591819932.238806;
1591819932.260918;
1591819932.283324;
1591819932.305736;
1591819932.327846;
1591819932.350006;
1591819932.372238;
1591819932.394522;
1591819932.416779;
1591819932.438989;
1591819932.461134;
1591819932.483377;
1591819932.505771;
1591819932.528030;
1591819932.550200;
1591819932.572177;
1591819932.594287;
1591819932.616450;
1591819932.638625;
1591819932.660507;
1591819932.682527;
1591819932.704724;
1591819932.727200;
1591819932.749278;
1591819932.771452;
1591819932.793636;
1591819932.817333;
1591819932.839323;
1591819932.861427;
1591819932.883222;
1591819932.905272;
1591819932.927190;
1591819932.949260;
1591819932.971297;
1591819932.993267;
1591819933.015147;
1591819933.037492;
1591819933.059327;
1591819933.081252;
1591819933.103274;
1591819933.125275;
1591819933.147390;
1591819933.169665;
1591819933.192440;
1591819933.214546;
1591819933.236719;
1591819933.258856;
1591819933.281037;
1591819933.302932;
1591819933.324818;
1591819933.346933;
1591819933.369066;
1591819933.391074;
1591819933.413067;
1591819933.435467;
1591819933.457449;
1591819933.479574;
1591819933.501648;
1591819933.523675;
1591819933.545627;
1591819933.568202;
1591819933.590543;
1591819933.612982;
1591819933.634959;
1591819933.656999;
1591819933.678982;
1591819933.701127;
1591819933.723078;
1591819933.745045;
1591819933.767331;
1591819933.789271;
1591819933.811800;
1591819933.833767;
1591819933.855823;
1591819933.877710;
1591819933.899745;
1591819933.921756;
1591819933.943949;
1591819933.965856;
1591819933.988298;
1591819934.010241;
1591819934.032422;
1591819934.054472;
1591819934.076487;
1591819934.098360;
1591819934.120477;
1591819934.142380;
1591819934.164733;
1591819934.187056;
1591819934.209369;
1591819934.231640;
1591819934.253834;
1591819934.275976;
1591819934.297890;
1591819934.320022;
1591819934.342102;
1591819934.364299;
1591819934.386541;
1591819934.408597;
1591819934.430672;
1591819934.452810;
1591819934.475184;
1591819934.497285;
1591819934.519394;
1591819934.541545;
1591819934.563484;
1591819934.585535;
1591819934.607642;
1591819934.630148;
1591819934.652349;
1591819934.674466;
1591819934.697114;
1591819934.719316;
1591819934.741452;
1591819934.765985;
1591819934.788011;
1591819934.810463;
1591819934.832593;
1591819934.854759;
1591819934.876812;
1591819934.898830;
1591819934.920925;
1591819934.943112;
1591819934.965276;
1591819934.987332;
1591819935.009468;
1591819935.031552;
1591819935.053621;
1591819935.075716;
1591819935.097571;
1591819935.119736;
1591819935.141787;
1591819935.163799;
1591819935.185762;
1591819935.207735;
1591819935.229747;
1591819935.251540;
1591819935.273685;
1591819935.295641;
1591819935.317862;
1591819935.339788;
1591819935.362004;
1591819935.384285;
1591819935.406386;
1591819935.428576;
1591819935.450643;
1591819935.472656;
1591819935.494766;
1591819935.516855;
1591819935.538963;
1591819935.561028;
1591819935.583068;
1591819935.605043;
1591819935.626981;
1591819935.648760;
1591819935.670631;
1591819935.692541;
1591819935.714541;
1591819935.736458;
1591819935.758483;
1591819935.780552;
1591819935.802539;
1591819935.824622;
1591819935.846596;
1591819935.868533;
1591819935.890572;
1591819935.912573;
1591819935.934685;
1591819935.956795;
1591819935.978766;
1591819936.000684;
1591819936.023111;
1591819936.045115;
1591819936.067167;
1591819936.089475;
1591819936.111464;
1591819936.133410;
1591819936.155576;
1591819936.177721;
1591819936.199772;
1591819936.221766;
1591819936.243811;
1591819936.265759;
1591819936.287762;
1591819936.309764;
1591819936.331799;
1591819936.353967;
1591819936.376603;
1591819936.399302;
1591819936.421504;
1591819936.443760;
1591819936.466321;
1591819936.488611;
1591819936.510932;
1591819936.533226;
1591819936.555530;
1591819936.577861;
1591819936.600745;
1591819936.623210;
1591819936.645870;
1591819936.668285;
1591819936.690545;
1591819936.712805;
1591819936.735071;
1591819936.757249;
1591819936.779445;
1591819936.801707;
1591819936.823840;
1591819936.845811;
1591819936.867875;
1591819936.889838;
1591819936.911906;
1591819936.933854;
1591819936.955823;
1591819936.977789;
1591819936.999899;
1591819937.021888;
1591819937.044127;
1591819937.066091;
1591819937.088175;
1591819937.110104;
1591819937.132066;
1591819937.154147;
1591819937.175958;
1591819937.198096;
1591819937.220633;
1591819937.242721;
1591819937.264772;
1591819937.286830;
1591819937.308789;
1591819937.330705;
1591819937.352756;
1591819937.374979;
1591819937.396952;
1591819937.418945;
1591819937.440981;
1591819937.463096;
1591819937.485044;
1591819937.507123;
1591819937.529144;
1591819937.551210;
1591819937.573269;
1591819937.595312;
1591819937.617344;
1591819937.639438;
1591819937.661647;
1591819937.685443;
1591819937.707486;
1591819937.729463;
1591819937.751479;
1591819937.773619;
1591819937.795670;
1591819937.817590;
1591819937.839635;
1591819937.861721;
1591819937.883986;
1591819937.907041;
1591819937.929224;
1591819937.951386;
1591819937.973572;
1591819937.995956;
1591819938.018044;
1591819938.040056;
1591819938.062332;
1591819938.084794;
1591819938.106761;
1591819938.128699;
1591819938.150992;
1591819938.173578;
1591819938.195757;
1591819938.217850;
1591819938.239971;
1591819938.262164;
1591819938.284227;
1591819938.306899;
1591819938.329031;
1591819938.351245;
1591819938.373349;
1591819938.395478;
1591819938.417650;
1591819938.440006;
1591819938.462163;
1591819938.484394;
1591819938.506660;
1591819938.528801;
1591819938.550805;
1591819938.572902;
1591819938.595268;
1591819938.617505;
1591819938.639541;
1591819938.661822;
1591819938.683895;
1591819938.706085;
1591819938.728098;
1591819938.751386;
1591819938.773432;
1591819938.795487;
1591819938.817508;
1591819938.839795;
1591819938.861825;
1591819938.884079;
1591819938.906200;
1591819938.928314;
1591819938.950315;
1591819938.972787;
1591819938.994787;
1591819939.016930;
1591819939.039212;
1591819939.061441;
1591819939.083451;
1591819939.105619;
1591819939.127695;
1591819939.149780;
1591819939.172066;
1591819939.194608;
1591819939.216867;
1591819939.239070;
1591819939.261074;
1591819939.283286;
1591819939.305395;
1591819939.327462;
1591819939.349518;
1591819939.371606;
1591819939.393721;
1591819939.415798;
1591819939.437823;
1591819939.459786;
1591819939.482089;
1591819939.504158;
1591819939.526072;
1591819939.548150;
1591819939.570173;
1591819939.592177;
1591819939.614491;
1591819939.636484;
1591819939.658532;
1591819939.680535;
1591819939.702542;
1591819939.724651;
1591819939.746781;
1591819939.769006;
1591819939.791058;
1591819939.813268;
1591819939.835421;
1591819939.857631;
1591819939.880183;
1591819939.902217;
1591819939.924400;
1591819939.946624;
1591819939.968781;
1591819939.990983;
1591819940.013290;
1591819940.039071;
1591819940.061363;
1591819940.083748;
1591819940.106193;
1591819940.128438;
1591819940.151212;
1591819940.174066;
1591819940.196553;
1591819940.218959;
1591819940.242064;
1591819940.265134;
1591819940.287549;
1591819940.310141;
1591819940.332762;
1591819940.355350;
1591819940.377800;
1591819940.400361;
1591819940.422888;
1591819940.445138;
1591819940.467668;
1591819940.490129;
1591819940.512376;
1591819940.534449;
1591819940.556583;
1591819940.578698;
1591819940.600822;
1591819940.623708;
1591819940.645899;
1591819940.668079;
1591819940.690159;
1591819940.712178;
1591819940.734225;
1591819940.756403;
1591819940.778676;
1591819940.800813;
1591819940.822995;
1591819940.845101;
1591819940.867220;
1591819940.889310;
1591819940.911410;
1591819940.933374;
1591819940.955466;
1591819940.977637;
1591819941.000408;
1591819941.022532;
1591819941.044691;
1591819941.067042;
1591819941.089132;
1591819941.111122;
1591819941.133213;
1591819941.155354;
1591819941.177594;
1591819941.199637;
1591819941.223508;
1591819941.245618;
1591819941.267970;
1591819941.290037;
1591819941.312366;
1591819941.334700;
1591819941.356904;
1591819941.379025;
1591819941.401285;
1591819941.423404;
1591819941.445694;
1591819941.467896;
1591819941.490139;
1591819941.512158;
1591819941.534475;
1591819941.556626;
1591819941.578981;
1591819941.601139;
1591819941.623235;
1591819941.645515;
1591819941.667728;
1591819941.690026;
1591819941.712269;
1591819941.734958;
1591819941.757013;
1591819941.779249;
1591819941.801557;
1591819941.823859;
1591819941.846038;
1591819941.868324;
1591819941.892707;
1591819941.914862;
1591819941.937015;
1591819941.959233;
1591819941.981424;
1591819942.003712;
1591819942.025920;
1591819942.047899;
1591819942.070212;
1591819942.092541;
1591819942.114838;
1591819942.137136;
1591819942.159295;
1591819942.181508;
1591819942.203692;
1591819942.225930;
1591819942.248180;
1591819942.270471;
1591819942.292673;
1591819942.315134;
1591819942.337463;
1591819942.359777;
1591819942.382089;
1591819942.404398;
1591819942.426487;
1591819942.448765;
1591819942.471082;
1591819942.493295;
1591819942.515508;
1591819942.537933;
1591819942.560210;
1591819942.582528;
1591819942.604725;
1591819942.626857;
1591819942.649259;
1591819942.671668;
1591819942.694045;
1591819942.716367;
1591819942.738620;
1591819942.760920;
1591819942.782984;
1591819942.805152;
1591819942.827374;
1591819942.850046;
1591819942.872313;
1591819942.894582;
1591819942.916792;
1591819942.939304;
1591819942.961939;
1591819942.984124;
1591819943.006373;
1591819943.028610;
1591819943.052550;
1591819943.074536;
1591819943.096617;
1591819943.118733;
1591819943.140886;
1591819943.163014;
1591819943.185147;
1591819943.207282;
1591819943.229490;
1591819943.251780;
1591819943.274052;
1591819943.296416;
1591819943.318812;
1591819943.341101;
1591819943.363379;
1591819943.386122;
1591819943.408479;
1591819943.430822;
1591819943.453157;
1591819943.475480;
1591819943.497859;
1591819943.520270;
1591819943.542643;
1591819943.565104;
1591819943.587666;
1591819943.610158;
1591819943.632491;
1591819943.654847;
1591819943.677191;
1591819943.699650;
1591819943.721954;
1591819943.744279;
1591819943.766387;
1591819943.788672;
1591819943.810862;
1591819943.833083;
1591819943.855315;
1591819943.877404;
1591819943.899601;
1591819943.924255;
1591819943.946209;
1591819943.968475;
1591819943.991028;
1591819944.013961;
1591819944.036412;
1591819944.058712;
1591819944.081442;
1591819944.108063;
1591819944.130856;
1591819944.154029;
1591819944.176801;
1591819944.199747;
1591819944.222631;
1591819944.245195;
1591819944.267842;
1591819944.290328;
1591819944.312783;
1591819944.335460;
1591819944.358052;
1591819944.380353;
1591819944.402757;
1591819944.426699;
1591819944.449345;
1591819944.471789;
1591819944.494200;
1591819944.516531;
1591819944.538825;
1591819944.561211;
1591819944.583571;
1591819944.606058;
1591819944.628492;
1591819944.650845;
1591819944.673213;
1591819944.695752;
1591819944.718097;
1591819944.740378;
1591819944.762928;
1591819944.785242;
1591819944.807595;
1591819944.830238;
1591819944.852852;
1591819944.875338;
1591819944.897818;
1591819944.920451;
1591819944.942902;
1591819944.965404;
1591819944.988283;
1591819945.010975;
1591819945.033409;
1591819945.055996;
1591819945.078630;
1591819945.101053;
1591819945.123564;
1591819945.146633;
1591819945.169097;
1591819945.191470;
1591819945.213753;
1591819945.236009;
1591819945.258794;
1591819945.281166;
1591819945.303508;
1591819945.325967;
1591819945.348341;
1591819945.370815;
1591819945.393281;
1591819945.415810;
1591819945.438597;
1591819945.461219;
1591819945.483821;
1591819945.506665;
1591819945.529193;
1591819945.551677;
1591819945.574240;
1591819945.596750;
1591819945.619071;
1591819945.641610;
1591819945.663897;
1591819945.686180;
1591819945.708751;
1591819945.731306;
1591819945.753674;
1591819945.776177;
1591819945.798964;
1591819945.821917;
1591819945.846018;
1591819945.868318;
1591819945.890653;
1591819945.912883;
1591819945.935092;
1591819945.957402;
1591819945.979611;
1591819946.002003;
1591819946.024393;
1591819946.046846;
1591819946.069210;
1591819946.091563;
1591819946.113942;
1591819946.136360;
1591819946.158743;
1591819946.181082;
1591819946.203486;
1591819946.225835;
1591819946.247984;
1591819946.270292;
1591819946.292985;
1591819946.315364;
1591819946.337641;
1591819946.360008;
1591819946.382365;
1591819946.404709;
1591819946.427064;
1591819946.449384;
1591819946.471745;
1591819946.494090;
1591819946.516208;
1591819946.538547;
1591819946.560758;
1591819946.582975;
1591819946.605395;
1591819946.627571;
1591819946.649934;
1591819946.672111;
1591819946.694394;
1591819946.716730;
1591819946.738921;
1591819946.761271;
1591819946.783563;
1591819946.805982;
1591819946.828722;
1591819946.851098;
1591819946.873439;
1591819946.895694;
1591819946.917870;
1591819946.940494;
1591819946.963016;
1591819946.985381;
1591819947.007645;
1591819947.029851;
1591819947.052593;
1591819947.074914;
1591819947.097646;
1591819947.119953;
1591819947.142432;
1591819947.165309;
1591819947.187940;
1591819947.210206;
1591819947.232519;
1591819947.254912;
1591819947.277411;
1591819947.299691;
1591819947.322041;
1591819947.344128;
1591819947.366333;
1591819947.388564;
1591819947.410932;
1591819947.433226;
1591819947.455565;
1591819947.477767;
1591819947.500289;
1591819947.522685;
1591819947.544927;
1591819947.567193;
1591819947.589465;
1591819947.611831;
1591819947.634137;
1591819947.656589;
1591819947.679353;
1591819947.701562;
1591819947.724151;
1591819947.746408;
1591819947.768821;
1591819947.791032;
1591819947.813317;
1591819947.835758;
1591819947.858176;
1591819947.880559;
1591819947.902776;
1591819947.925040;
1591819947.947395;
1591819947.969823;
1591819947.992050;
1591819948.014283;
1591819948.036557;
1591819948.058941;
1591819948.081363;
1591819948.103583;
1591819948.125776;
1591819948.148346;
1591819948.170660;
1591819948.192928;
1591819948.215274;
1591819948.237557;
1591819948.259862;
1591819948.282086;
1591819948.304497;
1591819948.326776;
1591819948.348877;
1591819948.371091;
1591819948.393506;
1591819948.416221;
1591819948.438270;
1591819948.460513;
1591819948.482839;
1591819948.505113;
1591819948.527517;
1591819948.549656;
1591819948.571891;
1591819948.594102;
1591819948.616506;
1591819948.638889;
1591819948.660987;
1591819948.683192;
1591819948.705472;
1591819948.727589;
1591819948.749845;
1591819948.772089;
1591819948.794188;
1591819948.816373;
1591819948.838517;
1591819948.860681;
1591819948.882874;
1591819948.905144;
1591819948.927189;
1591819948.949395;
1591819948.971649;
1591819948.993765;
1591819949.015863;
1591819949.038046;
1591819949.060226;
1591819949.082480;
1591819949.104607;
1591819949.126738;
1591819949.148913;
1591819949.171343;
1591819949.193694;
1591819949.215981;
1591819949.238067;
1591819949.260421;
1591819949.282673;
1591819949.305237;
1591819949.327498;
1591819949.349727;
1591819949.372596;
1591819949.394972;
1591819949.417246;
1591819949.439652;
1591819949.462008;
1591819949.484399;
1591819949.506799;
1591819949.529268;
1591819949.551426;
1591819949.573955;
1591819949.596214;
1591819949.618767;
1591819949.641377;
1591819949.663664;
1591819949.686059;
1591819949.708397;
1591819949.731098;
1591819949.753768;
1591819949.776127;
1591819949.798348;
1591819949.820624;
1591819949.842894;
1591819949.865520;
1591819949.887823;
1591819949.910053;
1591819949.932375;
1591819949.954832;
1591819949.977195;
1591819949.999474;
1591819950.021775;
1591819950.044102;
1591819950.066422;
1591819950.089191;
1591819950.111637;
1591819950.133910;
1591819950.156323;
1591819950.178848;
1591819950.201430;
1591819950.223870;
1591819950.246197;
1591819950.268635;
1591819950.291147;
1591819950.313648;
1591819950.336123;
1591819950.358626;
1591819950.381101;
1591819950.403514;
1591819950.426052;
1591819950.448387;
1591819950.470715;
1591819950.493122;
1591819950.515537;
1591819950.538110;
1591819950.560670;
1591819950.583073;
1591819950.605536;
1591819950.628089;
1591819950.650636;
1591819950.673017;
1591819950.695424;
1591819950.717660;
1591819950.739875;
1591819950.762388;
1591819950.784721;
1591819950.809033;
1591819950.831311;
1591819950.853684;
1591819950.876108;
1591819950.898517;
1591819950.920804;
1591819950.943234;
1591819950.965815;
1591819950.988307;
1591819951.010818;
1591819951.033264;
1591819951.056006;
1591819951.078453;
1591819951.100844;
1591819951.123253;
1591819951.145642;
1591819951.168064;
1591819951.190725;
1591819951.213101;
1591819951.235380;
1591819951.257951;
1591819951.280438;
1591819951.302845;
1591819951.325459;
1591819951.348032;
1591819951.370361;
1591819951.393523;
1591819951.416033;
1591819951.438320;
1591819951.460677;
1591819951.483064;
1591819951.505337;
1591819951.527808;
1591819951.550109;
1591819951.572340;
1591819951.594581;
1591819951.616834;
1591819951.639513;
1591819951.661950;
1591819951.684420;
1591819951.706905;
1591819951.729305;
1591819951.751822;
1591819951.774351;
1591819951.796604;
1591819951.818982;
1591819951.841406;
1591819951.863761;
1591819951.886112;
1591819951.908596;
1591819951.930876;
1591819951.953244;
1591819951.975465;
1591819951.997797;
1591819952.020152;
1591819952.042586;
1591819952.064862;
1591819952.087257;
1591819952.109799;
1591819952.132093;
1591819952.154432;
1591819952.179233;
1591819952.201590;
1591819952.224023;
1591819952.246443;
1591819952.269076;
1591819952.291359;
1591819952.313850;
1591819952.336103;
1591819952.358451;
1591819952.380641;
1591819952.402834;
1591819952.425180;
1591819952.447656;
1591819952.470215;
1591819952.492615;
1591819952.514937;
1591819952.537501;
1591819952.559863;
1591819952.582149;
1591819952.604801;
1591819952.627143;
1591819952.649370;
1591819952.671592;
1591819952.693813;
1591819952.716115;
1591819952.738396;
1591819952.760728;
1591819952.782912;
1591819952.805094;
1591819952.827454;
1591819952.850099;
