1591889895.951819;
1591889896.956149;
1591889897.965324;
1591889898.972826;
1591889899.977140;
1591889900.982481;
1591889901.989560;
1591889902.996222;
1591889904.003702;
1591889905.007382;
1591889906.017372;
1591889907.019595;
1591889908.026605;
1591889909.033414;
1591889910.038327;
1591889911.045595;
1591889912.048655;
1591889913.058368;
1591889914.064255;
1591889915.072846;
1591889916.076867;
1591889917.086728;
1591889918.094187;
1591889919.098616;
1591889920.104069;
1591889921.110960;
1591889922.114168;
1591889923.124313;
1591889924.128581;
1591889925.135289;
1591889926.143574;
1591889927.149678;
1591889928.156389;
1591889929.162537;
1591889930.168068;
1591889931.174046;
1591889932.181171;
1591889933.185195;
1591889934.193098;
1591889935.198692;
1591889936.204273;
1591889937.213321;
1591889938.218248;
1591889939.225949;
1591889940.229975;
1591889941.237378;
1591889942.241051;
1591889943.245634;
1591889944.256112;
1591889945.259873;
1591889946.270919;
1591889947.278916;
1591889948.283332;
1591889949.287920;
1591889950.294534;
1591889951.301688;
1591889952.307745;
1591889953.315389;
1591889954.318762;
1591889955.326938;
1591889956.334011;
1591889957.336919;
1591889958.349597;
1591889959.354509;
1591889960.359150;
1591889961.365174;
1591889962.373236;
1591889963.378109;
1591889964.385918;
1591889965.391399;
1591889966.396754;
1591889967.402545;
1591889968.411798;
1591889969.415384;
1591889970.424695;
1591889971.428289;
1591889972.436490;
1591889973.443255;
1591889974.451560;
1591889975.456048;
1591889976.464631;
1591889977.469594;
1591889978.477507;
1591889979.483244;
1591889980.490529;
1591889981.497281;
1591889982.501309;
1591889983.506830;
1591889984.517092;
1591889985.520702;
1591889986.526852;
1591889987.532842;
1591889988.540609;
1591889989.546304;
1591889990.551687;
1591889991.557410;
1591889992.566161;
1591889993.570379;
1591889994.576795;
1591889995.584228;
1591889996.589251;
1591889997.596087;
1591889998.602726;
1591889999.608271;
1591890000.612578;
1591890001.620539;
1591890002.627120;
1591890003.635393;
1591890004.643653;
1591890005.648787;
1591890006.658680;
1591890007.658519;
1591890008.666274;
1591890009.670641;
1591890010.677218;
1591890011.683428;
1591890012.689179;
1591890013.696870;
1591890014.703689;
1591890015.710687;
1591890016.715894;
1591890017.721264;
1591890018.728723;
1591890019.733920;
1591890020.743119;
1591890021.747192;
1591890022.755078;
1591890023.760774;
1591890024.769757;
1591890025.774285;
1591890026.780100;
1591890027.785386;
1591890028.792559;
1591890029.799403;
1591890030.801879;
1591890031.810027;
1591890032.818899;
1591890033.825443;
1591890034.832723;
1591890035.835952;
1591890036.842853;
1591890037.849293;
1591890038.854187;
1591890039.862810;
1591890040.869047;
1591890041.876511;
1591890042.879980;
1591890043.889730;
1591890044.892277;
1591890045.901168;
1591890046.908103;
1591890047.914448;
1591890048.922811;
1591890049.930526;
1591890050.934891;
1591890051.939963;
1591890052.947153;
1591890053.956524;
1591890054.962079;
1591890055.969476;
1591890056.973404;
1591890057.981767;
1591890058.985252;
1591890059.992108;
1591890060.996823;
1591890062.004884;
1591890063.011621;
1591890064.019791;
1591890065.025898;
1591890066.031698;
1591890067.037596;
1591890068.044997;
1591890069.052953;
1591890070.057567;
1591890071.064205;
1591890072.071340;
1591890073.078475;
1591890074.083868;
1591890075.088403;
1591890076.096667;
1591890077.104030;
1591890078.112953;
1591890079.118008;
1591890080.122959;
1591890081.131822;
1591890082.139506;
1591890083.149112;
1591890084.153373;
1591890085.159793;
1591890086.166739;
1591890087.182156;
1591890088.179952;
1591890089.189136;
1591890090.192381;
1591890091.201210;
1591890092.208873;
1591890093.212869;
1591890094.221648;
1591890095.228731;
1591890096.235400;
1591890097.237799;
1591890098.244732;
1591890099.252343;
1591890100.258399;
1591890101.262462;
1591890102.272795;
1591890103.276555;
1591890104.286747;
1591890105.287637;
1591890106.296050;
1591890107.302028;
1591890108.310856;
1591890109.316335;
1591890110.321146;
1591890111.329681;
1591890112.337887;
1591890113.343165;
1591890114.350822;
1591890115.355377;
1591890116.360874;
1591890117.367378;
1591890118.373959;
1591890119.379840;
1591890120.386847;
1591890121.391440;
1591890122.400845;
1591890123.403316;
1591890124.413027;
1591890125.417020;
1591890126.422749;
1591890127.430666;
1591890128.435413;
1591890129.444855;
1591890130.446966;
1591890131.455374;
1591890132.461769;
1591890133.471219;
1591890134.475572;
1591890135.484186;
1591890136.482091;
1591890137.493305;
1591890138.500159;
1591890139.505473;
1591890140.512046;
1591890141.518458;
1591890142.524398;
1591890143.531460;
1591890144.534000;
1591890145.545543;
1591890146.558251;
1591890147.556843;
1591890148.565852;
1591890149.571190;
1591890150.576791;
1591890151.583281;
1591890152.591100;
1591890153.596284;
1591890154.601904;
1591890155.610914;
1591890156.614776;
1591890157.620574;
1591890158.630123;
1591890159.635652;
1591890160.641333;
1591890161.648546;
1591890162.650771;
1591890163.660866;
1591890164.669955;
1591890165.672628;
1591890166.680338;
1591890167.687966;
1591890168.700807;
1591890169.700471;
1591890170.707784;
1591890171.716088;
1591890172.720017;
1591890173.725327;
1591890174.732075;
1591890175.739702;
1591890176.744587;
1591890177.751827;
1591890178.761022;
1591890179.765664;
1591890180.769785;
1591890181.779881;
1591890182.785638;
1591890183.792681;
1591890184.797796;
1591890185.798748;
1591890186.810972;
1591890187.815471;
1591890188.821446;
1591890189.826909;
1591890190.832877;
1591890191.839811;
1591890192.844963;
1591890193.853542;
1591890194.861402;
1591890195.864970;
1591890196.874429;
