1591888927.575185;
1591888928.580029;
1591888929.587163;
1591888930.593795;
1591888931.600773;
1591888932.606567;
1591888933.611682;
1591888934.618228;
1591888935.625272;
1591888936.630275;
1591888937.637615;
1591888938.644385;
1591888939.648192;
1591888940.656712;
1591888941.662753;
1591888942.667465;
1591888943.671182;
1591888944.678909;
1591888945.687477;
1591888946.693686;
1591888947.699544;
1591888948.706112;
1591888949.712069;
1591888950.720296;
1591888951.717417;
1591888952.729715;
1591888953.736199;
1591888954.740469;
1591888955.747074;
1591888956.753338;
1591888957.761538;
1591888958.769176;
1591888959.773641;
1591888960.781334;
1591888961.786012;
1591888962.791401;
1591888963.799198;
1591888964.803816;
1591888965.810930;
1591888966.818214;
1591888967.824352;
1591888968.831430;
1591888969.838878;
1591888970.846192;
1591888971.849957;
1591888972.858101;
1591888973.862972;
1591888974.869016;
1591888975.878324;
1591888976.886368;
1591888977.888101;
1591888978.896821;
1591888979.901917;
1591888980.907114;
1591888981.911969;
1591888982.921267;
1591888983.928187;
1591888984.932183;
1591888985.941247;
1591888986.946978;
1591888987.951009;
1591888988.954887;
1591888989.965146;
1591888990.970477;
1591888991.976988;
1591888992.986314;
1591888993.988623;
1591888994.998509;
1591888996.002702;
1591888997.008235;
1591888998.017567;
1591888999.022275;
1591889000.026839;
1591889001.035049;
1591889002.040256;
1591889003.048266;
1591889004.054662;
1591889005.059907;
1591889006.066862;
1591889007.075129;
1591889008.080573;
1591889009.089263;
1591889010.092723;
1591889011.094796;
1591889012.105161;
1591889013.110587;
1591889014.119875;
1591889015.124859;
1591889016.129659;
1591889017.137392;
1591889018.144272;
1591889019.149480;
1591889020.158385;
1591889021.164652;
1591889022.170474;
1591889023.175723;
1591889024.182929;
1591889025.189573;
1591889026.193509;
1591889027.198957;
