1591876727.064879;
1591876735.417417;
1591876741.520644;
1591876747.432651;
1591876755.053652;
1591876762.261244;
1591876769.595867;
1591876777.230835;
1591876785.503418;
1591876793.009124;
1591876799.441396;
1591876815.621952;
1591876825.961863;
1591876831.934469;
1591876838.487586;
1591876849.361063;
1591876861.204978;
1591876869.842529;
1591876879.813311;
1591876887.317413;
1591876893.961446;
1591876901.552863;
1591876911.034061;
1591876920.054055;
1591876928.587610;
1591876937.071255;
1591876945.280903;
1591876951.897722;
1591876957.918557;
1591876963.118786;
1591876970.570615;
1591876976.529832;
1591876982.412760;
1591876994.463042;
1591877002.745374;
1591877014.284194;
1591877024.011673;
1591877039.972468;
1591877340.636532;
1591877350.642622;
1591877360.649029;
1591877370.655234;
1591877380.661358;
1591877390.667453;
1591877400.673615;
1591877410.679832;
1591877420.686343;
1591877430.693005;
1591877440.699828;
1591877450.706358;
1591877460.712389;
1591877470.718791;
1591877480.725428;
1591877490.731847;
1591877500.738063;
1591877510.745268;
1591877520.751902;
1591877530.758589;
1591877540.764808;
1591877550.771232;
1591877560.778024;
1591877570.784389;
1591877580.791012;
1591877590.797973;
1591877600.806051;
1591877610.812435;
1591877620.818973;
1591877630.825485;
1591877640.831692;
1591877650.838143;
1591877660.844707;
1591877670.851515;
1591877680.857864;
1591877690.864163;
1591877700.870608;
1591877710.877027;
1591877720.883235;
1591877730.889625;
1591877740.896039;
1591877750.902791;
1591877760.909567;
1591877770.916404;
1591877780.922706;
1591877790.929451;
1591877800.935869;
1591877810.941401;
1591877820.948670;
1591877830.955093;
1591877840.961576;
1591877850.968048;
1591877860.974254;
1591877870.980750;
1591877880.986992;
1591877890.993217;
1591877901.000221;
1591877911.007367;
1591877921.013734;
1591877931.020472;
1591877941.027567;
1591877951.033808;
