1591890274.781399;
1591890275.786655;
1591890276.794626;
1591890277.801102;
1591890278.806789;
1591890279.814670;
1591890280.821799;
1591890281.826334;
1591890282.828876;
1591890283.837055;
1591890284.843955;
1591890285.847928;
1591890286.855659;
1591890287.863533;
1591890288.868260;
1591890289.871296;
1591890290.883410;
1591890291.886399;
1591890292.894159;
1591890293.899622;
1591890294.906270;
1591890295.913947;
1591890296.920334;
1591890297.924340;
1591890298.932229;
1591890299.937663;
1591890300.943684;
1591890301.952375;
1591890302.956199;
1591890303.963174;
1591890304.970093;
1591890305.976820;
1591890306.980952;
1591890307.989637;
1591890308.994273;
1591890310.000497;
1591890311.009034;
1591890312.015768;
1591890313.019106;
1591890314.028859;
1591890315.034155;
1591890316.041159;
1591890317.045974;
1591890318.051722;
1591890319.057418;
1591890320.064963;
1591890321.069131;
1591890322.078426;
1591890323.083282;
1591890324.088407;
1591890325.096821;
1591890326.103347;
1591890327.108099;
1591890328.115088;
1591890329.124604;
1591890330.127145;
1591890331.131561;
1591890332.133982;
1591890333.145456;
1591890334.152113;
1591890335.159998;
1591890336.164060;
1591890337.173614;
1591890338.174122;
1591890339.184779;
1591890340.189571;
1591890341.196976;
1591890342.202603;
1591890343.207446;
1591890344.212535;
1591890345.219854;
1591890346.228893;
1591890347.233608;
1591890348.239481;
1591890349.245296;
1591890350.251211;
1591890351.257664;
1591890352.264847;
1591890353.271019;
1591890354.276841;
1591890355.284585;
1591890356.287706;
1591890357.294684;
1591890358.297148;
1591890359.305847;
1591890360.307139;
1591890361.321838;
1591890362.325005;
1591890363.330993;
1591890364.336067;
1591890365.344824;
1591890366.353618;
1591890367.355968;
1591890368.364128;
1591890369.372473;
1591890370.375632;
1591890371.380039;
1591890372.386470;
1591890373.395242;
1591890374.403441;
1591890375.409676;
1591890376.415471;
1591890377.420275;
1591890378.427583;
1591890379.434121;
1591890380.439813;
1591890381.445926;
1591890382.453557;
1591890383.460208;
1591890384.466729;
1591890385.474885;
1591890386.478303;
1591890387.485645;
1591890388.494682;
1591890389.496133;
1591890390.505548;
1591890391.511940;
1591890392.518535;
1591890393.523816;
1591890394.531831;
1591890395.540251;
1591890396.546120;
1591890397.548478;
1591890398.556348;
1591890399.564755;
1591890400.568816;
1591890401.571150;
1591890402.579200;
1591890403.587178;
1591890404.593977;
1591890405.600255;
1591890406.606106;
1591890407.611954;
1591890408.618084;
1591890409.623945;
1591890410.629944;
1591890411.635545;
1591890412.643394;
1591890413.650859;
1591890414.655874;
1591890415.663262;
1591890416.669129;
1591890417.675584;
1591890418.680939;
1591890419.690014;
1591890420.695748;
1591890421.701035;
1591890422.705231;
1591890423.714413;
1591890424.721513;
1591890425.725160;
1591890426.733792;
1591890427.737261;
1591890428.746232;
1591890429.751449;
1591890430.756476;
1591890431.765437;
1591890432.770826;
1591890433.779296;
1591890434.783004;
1591890435.791647;
1591890436.797493;
1591890437.804723;
1591890438.808947;
1591890439.813230;
1591890440.820381;
1591890441.826761;
1591890442.834061;
1591890443.838970;
1591890444.846712;
1591890445.853721;
1591890446.859077;
1591890447.864136;
1591890448.874396;
1591890449.876408;
1591890450.878383;
1591890451.887424;
1591890452.893096;
1591890453.902171;
1591890454.904846;
1591890455.914192;
1591890456.920690;
1591890457.924535;
1591890458.931938;
1591890459.936765;
1591890460.944639;
1591890461.948426;
1591890462.956605;
1591890463.964545;
1591890464.970204;
1591890465.975708;
1591890466.982366;
1591890467.989454;
1591890468.994727;
1591890470.002344;
1591890471.006603;
1591890472.014011;
1591890473.019661;
1591890474.026478;
1591890475.031613;
1591890476.036850;
1591890477.043012;
1591890478.048290;
1591890479.056801;
1591890480.061713;
1591890481.068510;
1591890482.074750;
1591890483.082666;
1591890484.087982;
1591890485.092700;
1591890486.099259;
1591890487.105709;
1591890488.110388;
1591890489.126381;
1591890490.123153;
1591890491.131636;
1591890492.133775;
1591890493.140398;
1591890494.147766;
1591890495.151906;
1591890496.163635;
1591890497.161974;
1591890498.169859;
1591890499.176683;
1591890500.185212;
1591890501.188974;
1591890502.197538;
1591890503.200886;
1591890504.210018;
1591890505.215154;
1591890506.220938;
1591890507.225745;
1591890508.234320;
1591890509.239514;
1591890510.246483;
1591890511.252743;
1591890512.259660;
1591890513.262247;
1591890514.270641;
1591890515.276209;
1591890516.285346;
1591890517.289897;
1591890518.297925;
1591890519.301109;
1591890520.308172;
1591890521.317240;
1591890522.321149;
1591890523.328947;
1591890524.333070;
1591890525.339300;
1591890526.345543;
1591890527.351902;
1591890528.360980;
1591890529.364426;
1591890530.372198;
1591890531.379769;
1591890532.386538;
1591890533.390076;
1591890534.395772;
1591890535.402874;
1591890536.408647;
1591890537.415326;
1591890538.422318;
1591890539.428446;
1591890540.435822;
1591890541.442874;
1591890542.448629;
1591890543.453105;
1591890544.461801;
1591890545.467378;
1591890546.473153;
1591890547.479297;
1591890548.485540;
1591890549.493196;
1591890550.499395;
1591890551.505387;
1591890552.511312;
1591890553.516739;
1591890554.525795;
1591890555.532648;
1591890556.535651;
1591890557.542099;
1591890558.549673;
1591890559.555292;
1591890560.560955;
1591890561.568109;
1591890562.573656;
1591890563.582191;
1591890564.588084;
1591890565.594717;
1591890566.600845;
1591890567.608523;
1591890568.610827;
1591890569.618475;
1591890570.622853;
1591890571.632046;
1591890572.635227;
1591890573.642778;
1591890574.652318;
1591890575.655681;
