1591890835.943591;
1591890836.950181;
1591890837.956279;
1591890838.960173;
1591890839.967385;
1591890840.973492;
1591890841.979738;
1591890842.984690;
1591890843.990327;
1591890844.998490;
1591890846.004697;
1591890847.010701;
1591890848.015319;
1591890849.024431;
1591890850.028534;
1591890851.036757;
1591890852.039063;
1591890853.049428;
1591890854.053521;
1591890855.062745;
1591890856.067258;
1591890857.073048;
1591890858.081590;
1591890859.087327;
1591890860.096767;
1591890861.102248;
1591890862.106800;
1591890863.114502;
1591890864.119110;
1591890865.124956;
1591890866.133656;
1591890867.140417;
1591890868.148889;
1591890869.151254;
1591890870.156914;
1591890871.166236;
1591890872.173536;
1591890873.177058;
1591890874.185036;
1591890875.190712;
1591890876.194415;
1591890877.202365;
1591890878.207330;
1591890879.216352;
1591890880.223140;
1591890881.224185;
1591890882.232089;
1591890883.247069;
1591890884.247212;
1591890885.254080;
1591890886.260476;
1591890887.269167;
1591890888.271267;
1591890889.281369;
1591890890.289661;
1591890891.292041;
1591890892.299130;
1591890893.305501;
1591890894.313442;
1591890895.320403;
1591890896.326469;
1591890897.330977;
1591890898.340540;
1591890899.342117;
1591890900.353334;
1591890901.354588;
1591890902.364818;
1591890903.372400;
1591890904.376826;
1591890905.385860;
1591890906.392975;
1591890907.399563;
1591890908.404133;
1591890909.410733;
1591890910.418490;
1591890911.424916;
1591890912.433173;
1591890913.434976;
1591890914.440467;
1591890915.447299;
1591890916.453829;
1591890917.460687;
1591890918.466408;
1591890919.474463;
1591890920.481562;
1591890921.483522;
1591890922.493381;
1591890923.499972;
1591890924.506960;
1591890925.511067;
1591890926.517809;
1591890927.523396;
1591890928.528807;
1591890929.538672;
1591890930.541595;
1591890931.549298;
1591890932.555178;
1591890933.564766;
1591890934.571672;
1591890935.573953;
1591890936.581156;
1591890937.590674;
1591890938.594507;
1591890939.601336;
1591890940.607428;
1591890941.615916;
1591890942.620737;
1591890943.626968;
1591890944.632177;
1591890945.642700;
1591890946.645458;
1591890947.651314;
1591890948.658969;
1591890949.666679;
1591890950.672360;
1591890951.674703;
1591890952.684003;
1591890953.690939;
1591890954.698168;
1591890955.703777;
1591890956.708867;
1591890957.713829;
1591890958.723637;
1591890959.729000;
1591890960.735716;
1591890961.742499;
1591890962.750564;
1591890963.755798;
1591890964.761659;
1591890965.767541;
1591890966.771128;
1591890967.787480;
1591890968.785588;
1591890969.791430;
1591890970.799378;
1591890971.803729;
1591890972.814217;
1591890973.819791;
1591890974.826020;
1591890975.831959;
1591890976.839046;
1591890977.845613;
1591890978.856941;
1591890979.857906;
1591890980.863525;
1591890981.870498;
1591890982.875789;
1591890983.883400;
1591890984.889880;
1591890985.896131;
1591890986.903829;
1591890987.907467;
1591890988.912919;
1591890989.920764;
1591890990.926956;
1591890991.935874;
1591890992.939805;
1591890993.948091;
1591890994.954257;
1591890995.959084;
1591890996.964988;
1591890997.973849;
1591890998.979643;
1591890999.984433;
1591891000.992488;
1591891001.998561;
1591891003.003142;
1591891004.012764;
1591891005.017201;
1591891006.025157;
1591891007.028026;
1591891008.035320;
1591891009.042086;
1591891010.047383;
1591891011.054803;
1591891012.066384;
1591891013.066064;
1591891014.077893;
1591891015.080631;
1591891016.090760;
1591891017.094359;
1591891018.102596;
1591891019.108148;
1591891020.114595;
1591891021.124339;
1591891022.127129;
1591891023.133413;
1591891024.140567;
1591891025.147941;
1591891026.151498;
1591891027.159068;
1591891028.164417;
1591891029.167730;
1591891030.178526;
1591891031.181651;
1591891032.187721;
1591891033.197973;
1591891034.202021;
1591891035.209964;
1591891036.216480;
1591891037.219602;
1591891038.226431;
1591891039.236180;
1591891040.241509;
1591891041.245580;
1591891042.252021;
1591891043.261642;
1591891044.265579;
1591891045.271919;
1591891046.278914;
1591891047.284700;
1591891048.293492;
1591891049.298702;
1591891050.304706;
1591891051.308737;
1591891052.315586;
1591891053.323330;
1591891054.327377;
1591891055.334322;
1591891056.341146;
1591891057.346472;
1591891058.353349;
1591891059.360441;
1591891060.367709;
1591891061.371715;
1591891062.378148;
1591891063.385889;
1591891064.393510;
1591891065.397001;
1591891066.403978;
1591891067.411747;
1591891068.418028;
1591891069.424154;
1591891070.431143;
1591891071.436111;
1591891072.445110;
1591891073.449790;
1591891074.457833;
1591891075.458754;
1591891076.467962;
1591891077.474222;
1591891078.480314;
1591891079.486874;
1591891080.493085;
1591891081.501225;
1591891082.504967;
1591891083.511719;
1591891084.520715;
1591891085.524577;
1591891086.532665;
1591891087.540667;
1591891088.543889;
1591891089.550835;
1591891090.555695;
1591891091.563255;
1591891092.570263;
1591891093.575502;
1591891094.582963;
1591891095.589491;
1591891096.596509;
1591891097.601815;
1591891098.609524;
1591891099.618151;
1591891100.622821;
1591891101.626885;
1591891102.636212;
1591891103.643139;
1591891104.648249;
1591891105.654434;
1591891106.662827;
1591891107.667695;
1591891108.672450;
1591891109.680849;
1591891110.686203;
1591891111.693120;
1591891112.698902;
1591891113.706400;
1591891114.711908;
1591891115.719382;
1591891116.725250;
1591891117.732251;
1591891118.739048;
1591891119.743424;
1591891120.751337;
1591891121.757534;
1591891122.764331;
1591891123.772958;
1591891124.774608;
1591891125.787088;
1591891126.791118;
1591891127.794755;
1591891128.801348;
1591891129.809999;
1591891130.817498;
1591891131.823429;
1591891132.828655;
1591891133.834571;
1591891134.841373;
1591891135.846899;
1591891136.852225;
