1591890835.943348;
1591890836.949939;
1591890837.956067;
1591890838.959965;
1591890839.967165;
1591890840.973253;
1591890841.979545;
1591890842.984478;
1591890843.990098;
1591890844.998281;
1591890846.004479;
1591890847.010484;
1591890848.015096;
1591890849.024170;
1591890850.028321;
1591890851.036482;
1591890852.038787;
1591890853.049238;
1591890854.053329;
1591890855.062510;
1591890856.067021;
1591890857.072822;
1591890858.081306;
1591890859.087111;
1591890860.096550;
1591890861.102041;
1591890862.106571;
1591890863.114273;
1591890864.118846;
1591890865.124754;
1591890866.133437;
1591890867.140208;
1591890868.148673;
1591890869.151041;
1591890870.156680;
1591890871.165995;
1591890872.173288;
1591890873.176827;
1591890874.184837;
1591890875.190496;
1591890876.194196;
1591890877.202141;
1591890878.207119;
1591890879.216110;
1591890880.222920;
1591890881.223971;
1591890882.231885;
1591890883.246853;
1591890884.246985;
1591890885.253859;
1591890886.260236;
1591890887.268963;
1591890888.271049;
1591890889.281173;
1591890890.289452;
1591890891.291845;
1591890892.298937;
1591890893.305281;
1591890894.313235;
1591890895.320202;
1591890896.326267;
1591890897.330784;
1591890898.340311;
1591890899.341904;
1591890900.353122;
1591890901.354362;
1591890902.364588;
1591890903.372161;
1591890904.376625;
1591890905.385629;
1591890906.392741;
1591890907.399341;
1591890908.403942;
1591890909.410525;
1591890910.418220;
1591890911.424725;
1591890912.432942;
1591890913.434783;
1591890914.440259;
1591890915.447111;
1591890916.453633;
1591890917.460462;
1591890918.466208;
1591890919.474270;
1591890920.481324;
1591890921.483303;
1591890922.493192;
1591890923.499727;
1591890924.506756;
1591890925.510858;
1591890926.517603;
1591890927.523183;
1591890928.528592;
1591890929.538474;
1591890930.541392;
1591890931.549087;
1591890932.554952;
1591890933.564574;
1591890934.571453;
1591890935.573737;
1591890936.580956;
1591890937.590446;
1591890938.594312;
1591890939.601118;
1591890940.607237;
1591890941.615684;
1591890942.620544;
1591890943.626745;
1591890944.631954;
1591890945.642470;
1591890946.645261;
1591890947.651089;
1591890948.658744;
1591890949.666472;
1591890950.672143;
1591890951.674513;
1591890952.683779;
1591890953.690729;
1591890954.697966;
1591890955.703559;
1591890956.708639;
1591890957.713602;
1591890958.723429;
1591890959.728773;
1591890960.735512;
1591890961.742261;
1591890962.750337;
1591890963.755574;
1591890964.761440;
1591890965.767304;
1591890966.770908;
1591890967.787233;
1591890968.785359;
1591890969.791237;
1591890970.799130;
1591890971.803526;
1591890972.813931;
1591890973.819554;
1591890974.825772;
1591890975.831742;
1591890976.838840;
1591890977.845415;
1591890978.856705;
1591890979.857691;
1591890980.863318;
1591890981.870295;
1591890982.875577;
1591890983.883200;
1591890984.889684;
1591890985.895890;
1591890986.903615;
1591890987.907241;
1591890988.912699;
1591890989.920555;
1591890990.926744;
1591890991.935665;
1591890992.939569;
1591890993.947881;
1591890994.954041;
1591890995.958867;
1591890996.964754;
1591890997.973632;
1591890998.979424;
1591890999.984171;
1591891000.992254;
1591891001.998356;
1591891003.002948;
1591891004.012547;
1591891005.016984;
1591891006.024919;
1591891007.027809;
1591891008.035111;
1591891009.041883;
1591891010.047187;
1591891011.054542;
1591891012.066119;
1591891013.065765;
1591891014.077698;
1591891015.080333;
1591891016.090553;
1591891017.094140;
1591891018.102392;
1591891019.107858;
1591891020.114366;
1591891021.124130;
1591891022.126926;
1591891023.133201;
1591891024.140314;
1591891025.147735;
1591891026.151234;
1591891027.158848;
1591891028.164196;
1591891029.167502;
1591891030.178287;
1591891031.181411;
1591891032.187522;
1591891033.197771;
1591891034.201807;
1591891035.209740;
1591891036.216233;
1591891037.219402;
1591891038.226215;
1591891039.235947;
1591891040.241304;
1591891041.245367;
1591891042.251740;
1591891043.261435;
1591891044.265390;
1591891045.271722;
1591891046.278698;
1591891047.284490;
1591891048.293240;
1591891049.298498;
1591891050.304508;
1591891051.308528;
1591891052.315362;
1591891053.323133;
1591891054.327168;
1591891055.334116;
1591891056.340938;
1591891057.346278;
1591891058.353146;
1591891059.360223;
1591891060.367520;
1591891061.371511;
1591891062.377929;
1591891063.385678;
1591891064.393311;
1591891065.396786;
1591891066.403780;
1591891067.411538;
1591891068.417822;
1591891069.423942;
1591891070.430939;
1591891071.435892;
1591891072.444916;
1591891073.449560;
1591891074.457597;
1591891075.458515;
1591891076.467742;
1591891077.474008;
1591891078.480107;
1591891079.486666;
1591891080.492846;
1591891081.501007;
1591891082.504733;
1591891083.511491;
1591891084.520515;
1591891085.524388;
1591891086.532431;
1591891087.540452;
1591891088.543663;
1591891089.550641;
1591891090.555463;
1591891091.563035;
1591891092.570053;
1591891093.575309;
1591891094.582739;
1591891095.589278;
1591891096.596293;
1591891097.601600;
1591891098.609324;
1591891099.617923;
1591891100.622599;
1591891101.626649;
1591891102.635983;
1591891103.642930;
1591891104.647987;
1591891105.654234;
1591891106.662594;
1591891107.667500;
1591891108.672220;
1591891109.680639;
1591891110.686011;
1591891111.692901;
1591891112.698711;
1591891113.706177;
1591891114.711707;
1591891115.719166;
1591891116.725057;
1591891117.732023;
1591891118.738830;
1591891119.743157;
1591891120.751135;
1591891121.757324;
1591891122.764117;
1591891123.772751;
1591891124.774372;
1591891125.786875;
1591891126.790882;
1591891127.794554;
1591891128.801018;
1591891129.809792;
1591891130.817275;
1591891131.823195;
1591891132.828418;
1591891133.834370;
1591891134.841161;
1591891135.846639;
1591891136.851969;
