1591888927.574797;
1591888928.579714;
1591888929.586894;
1591888930.593454;
1591888931.600140;
1591888932.606270;
1591888933.611162;
1591888934.617923;
1591888935.624930;
1591888936.629943;
1591888937.637246;
1591888938.644111;
1591888939.647825;
1591888940.656405;
1591888941.662192;
1591888942.667096;
1591888943.670862;
1591888944.678600;
1591888945.687142;
1591888946.693416;
1591888947.699172;
1591888948.705789;
1591888949.711742;
1591888950.719703;
1591888951.717111;
1591888952.729395;
1591888953.735909;
1591888954.740142;
1591888955.746747;
1591888956.753009;
1591888957.761276;
1591888958.768901;
1591888959.773343;
1591888960.780946;
1591888961.785740;
1591888962.791029;
1591888963.798898;
1591888964.803483;
1591888965.810633;
1591888966.817821;
1591888967.823913;
1591888968.830913;
1591888969.838522;
1591888970.845865;
1591888971.849629;
1591888972.857654;
1591888973.862645;
1591888974.868668;
1591888975.877959;
1591888976.886029;
1591888977.887720;
1591888978.896553;
1591888979.901630;
1591888980.906826;
1591888981.911644;
1591888982.920979;
1591888983.927809;
1591888984.931852;
1591888985.940888;
1591888986.946646;
1591888987.950663;
1591888988.954527;
1591888989.964808;
1591888990.970130;
1591888991.976662;
1591888992.985906;
1591888993.988213;
1591888994.998168;
1591888996.002373;
1591888997.007912;
1591888998.017229;
1591888999.021915;
1591889000.026548;
1591889001.034686;
1591889002.039921;
1591889003.047900;
1591889004.054347;
1591889005.059542;
1591889006.066501;
1591889007.074767;
1591889008.080141;
1591889009.088835;
1591889010.092324;
1591889011.094482;
1591889012.104777;
1591889013.110241;
1591889014.119514;
1591889015.124523;
1591889016.129388;
1591889017.137010;
1591889018.143871;
1591889019.149165;
1591889020.158013;
1591889021.164367;
1591889022.170129;
1591889023.175388;
1591889024.182581;
1591889025.189268;
1591889026.193237;
1591889027.198564;
