1591876724.595601;
1591876732.945703;
1591876739.048110;
1591876744.959305;
1591876752.579894;
1591876759.788086;
1591876767.124879;
1591876774.760221;
1591876783.032976;
1591876790.536836;
1591876796.972486;
1591876813.152207;
1591876823.492274;
1591876829.464389;
1591876836.017236;
1591876846.887907;
1591876858.732133;
1591876867.370397;
1591876877.339862;
1591876884.844044;
1591876891.488131;
1591876899.081960;
1591876908.564759;
1591876917.584062;
1591876926.115068;
1591876934.600794;
1591876942.810027;
1591876949.426183;
1591876955.446816;
1591876960.647914;
1591876968.100416;
1591876974.062304;
1591876979.942040;
1591876991.992460;
1591877000.274530;
1591877011.813107;
1591877021.540860;
1591877037.501527;
1591877338.165617;
1591877348.171996;
1591877358.177671;
1591877368.182181;
1591877378.189382;
1591877388.198533;
1591877398.202135;
1591877408.207157;
1591877418.213886;
1591877428.219095;
1591877438.230084;
1591877448.234774;
1591877458.241695;
1591877468.248196;
1591877478.253006;
1591877488.261981;
1591877498.266170;
1591877508.271684;
1591877518.281731;
1591877528.291544;
1591877538.297073;
1591877548.300222;
1591877558.305382;
1591877568.314258;
1591877578.319703;
1591877588.326567;
1591877598.331006;
1591877608.340056;
1591877618.348014;
1591877628.354452;
1591877638.360991;
1591877648.366854;
1591877658.373323;
1591877668.380087;
1591877678.388120;
1591877688.392244;
1591877698.398469;
1591877708.405550;
1591877718.410647;
1591877728.419255;
1591877738.425304;
1591877748.435392;
1591877758.440207;
1591877768.446802;
1591877778.451688;
1591877788.459874;
1591877798.465676;
1591877808.472453;
1591877818.478825;
1591877828.485621;
1591877838.489050;
1591877848.499094;
1591877858.503594;
1591877868.510287;
1591877878.518092;
1591877888.522580;
1591877898.528041;
1591877908.537614;
1591877918.543019;
1591877928.548785;
1591877938.554667;
1591877948.562061;
