1591889895.951567;
1591889896.955929;
1591889897.965100;
1591889898.972619;
1591889899.976944;
1591889900.982075;
1591889901.989359;
1591889902.996025;
1591889904.003462;
1591889905.007193;
1591889906.017164;
1591889907.019411;
1591889908.026401;
1591889909.033221;
1591889910.038130;
1591889911.045390;
1591889912.048335;
1591889913.058190;
1591889914.064034;
1591889915.072660;
1591889916.076661;
1591889917.086114;
1591889918.093993;
1591889919.098388;
1591889920.103857;
1591889921.110763;
1591889922.113952;
1591889923.124112;
1591889924.128340;
1591889925.135088;
1591889926.143367;
1591889927.149475;
1591889928.156176;
1591889929.162336;
1591889930.167871;
1591889931.173851;
1591889932.180982;
1591889933.184974;
1591889934.192914;
1591889935.198494;
1591889936.204067;
1591889937.213128;
1591889938.218051;
1591889939.225758;
1591889940.229763;
1591889941.237170;
1591889942.240804;
1591889943.245418;
1591889944.255886;
1591889945.259644;
1591889946.270728;
1591889947.278626;
1591889948.283107;
1591889949.287711;
1591889950.294226;
1591889951.301480;
1591889952.307506;
1591889953.315185;
1591889954.318546;
1591889955.326721;
1591889956.333804;
1591889957.336677;
1591889958.349396;
1591889959.354322;
1591889960.358907;
1591889961.364921;
1591889962.372991;
1591889963.377826;
1591889964.385694;
1591889965.391179;
1591889966.396534;
1591889967.402315;
1591889968.411566;
1591889969.415180;
1591889970.424387;
1591889971.428087;
1591889972.436259;
1591889973.443053;
1591889974.451357;
1591889975.455834;
1591889976.464413;
1591889977.469368;
1591889978.477283;
1591889979.483045;
1591889980.490285;
1591889981.497076;
1591889982.501080;
1591889983.506622;
1591889984.516818;
1591889985.520391;
1591889986.526615;
1591889987.532554;
1591889988.540387;
1591889989.546054;
1591889990.551473;
1591889991.557196;
1591889992.565960;
1591889993.570130;
1591889994.576533;
1591889995.583978;
1591889996.589012;
1591889997.595858;
1591889998.602508;
1591889999.608035;
1591890000.612338;
1591890001.620303;
1591890002.626906;
1591890003.635182;
1591890004.643378;
1591890005.648421;
1591890006.658418;
1591890007.658297;
1591890008.666081;
1591890009.670413;
1591890010.677005;
1591890011.683214;
1591890012.688898;
1591890013.696660;
1591890014.703434;
1591890015.710469;
1591890016.715669;
1591890017.720973;
1591890018.728517;
1591890019.733690;
1591890020.742877;
1591890021.746953;
1591890022.754874;
1591890023.760517;
1591890024.769531;
1591890025.774030;
1591890026.779855;
1591890027.785150;
1591890028.792334;
1591890029.799165;
1591890030.801602;
1591890031.809816;
1591890032.818664;
1591890033.825236;
1591890034.832509;
1591890035.835731;
1591890036.842627;
1591890037.849080;
1591890038.853975;
1591890039.862525;
1591890040.868830;
1591890041.876290;
1591890042.879775;
1591890043.889515;
1591890044.892032;
1591890045.900956;
1591890046.907907;
1591890047.914191;
1591890048.922593;
1591890049.930258;
1591890050.934697;
1591890051.939747;
1591890052.946926;
1591890053.956282;
1591890054.961859;
1591890055.969268;
1591890056.973172;
1591890057.981545;
1591890058.984989;
1591890059.991909;
1591890060.996613;
1591890062.004658;
1591890063.011409;
1591890064.019571;
1591890065.025686;
1591890066.031459;
1591890067.037366;
1591890068.044799;
1591890069.052714;
1591890070.057332;
1591890071.063981;
1591890072.071000;
1591890073.078272;
1591890074.083661;
1591890075.088174;
1591890076.096481;
1591890077.103781;
1591890078.112653;
1591890079.117769;
1591890080.122745;
1591890081.131575;
1591890082.139255;
1591890083.148919;
1591890084.153133;
1591890085.159560;
1591890086.166486;
1591890087.181920;
1591890088.179720;
1591890089.188920;
1591890090.192163;
1591890091.201000;
1591890092.208657;
1591890093.212646;
1591890094.221446;
1591890095.228501;
1591890096.235164;
1591890097.237592;
1591890098.244543;
1591890099.252090;
1591890100.258179;
1591890101.262220;
1591890102.272552;
1591890103.276325;
1591890104.286512;
1591890105.287410;
1591890106.295763;
1591890107.301766;
1591890108.310613;
1591890109.316085;
1591890110.320929;
1591890111.329483;
1591890112.337627;
1591890113.342931;
1591890114.350616;
1591890115.355170;
1591890116.360624;
1591890117.367133;
1591890118.373694;
1591890119.379614;
1591890120.386620;
1591890121.391227;
1591890122.400651;
1591890123.403109;
1591890124.412797;
1591890125.416787;
1591890126.422480;
1591890127.430443;
1591890128.435201;
1591890129.444630;
1591890130.446732;
1591890131.455151;
1591890132.461560;
1591890133.470974;
1591890134.475361;
1591890135.483955;
1591890136.481882;
1591890137.493073;
1591890138.499907;
1591890139.505251;
1591890140.511827;
1591890141.518245;
1591890142.524156;
1591890143.531234;
1591890144.533780;
1591890145.545351;
1591890146.558002;
1591890147.556627;
1591890148.565627;
1591890149.570986;
1591890150.576589;
1591890151.583052;
1591890152.590884;
1591890153.595981;
1591890154.601691;
1591890155.610672;
1591890156.614540;
1591890157.620330;
1591890158.629878;
1591890159.635428;
1591890160.641139;
1591890161.648330;
1591890162.650585;
1591890163.660635;
1591890164.669736;
1591890165.672417;
1591890166.680146;
1591890167.687769;
1591890168.700585;
1591890169.700233;
1591890170.707544;
1591890171.715809;
1591890172.719790;
1591890173.725090;
1591890174.731871;
1591890175.739490;
1591890176.744375;
1591890177.751589;
1591890178.760825;
1591890179.765423;
1591890180.769569;
1591890181.779655;
1591890182.785413;
1591890183.792400;
1591890184.797583;
1591890185.798530;
1591890186.810663;
1591890187.815254;
1591890188.821233;
1591890189.826703;
1591890190.832611;
1591890191.839587;
1591890192.844731;
1591890193.853292;
1591890194.861163;
1591890195.864746;
1591890196.874170;
