1591890274.781150;
1591890275.786438;
1591890276.794409;
1591890277.800875;
1591890278.806496;
1591890279.814445;
1591890280.821563;
1591890281.826136;
1591890282.828666;
1591890283.836852;
1591890284.843749;
1591890285.847721;
1591890286.855392;
1591890287.863313;
1591890288.868065;
1591890289.871104;
1591890290.883208;
1591890291.886163;
1591890292.893966;
1591890293.899420;
1591890294.906042;
1591890295.913729;
1591890296.920104;
1591890297.924135;
1591890298.932031;
1591890299.937469;
1591890300.943471;
1591890301.952160;
1591890302.955995;
1591890303.962965;
1591890304.969885;
1591890305.976613;
1591890306.980730;
1591890307.989424;
1591890308.994080;
1591890310.000278;
1591890311.008823;
1591890312.015569;
1591890313.018896;
1591890314.028649;
1591890315.033944;
1591890316.040955;
1591890317.045761;
1591890318.051514;
1591890319.057206;
1591890320.064733;
1591890321.068922;
1591890322.077976;
1591890323.083051;
1591890324.088159;
1591890325.096587;
1591890326.103112;
1591890327.107874;
1591890328.114878;
1591890329.124387;
1591890330.126930;
1591890331.131357;
1591890332.133785;
1591890333.145259;
1591890334.151887;
1591890335.159801;
1591890336.163860;
1591890337.173421;
1591890338.173915;
1591890339.184559;
1591890340.189358;
1591890341.196774;
1591890342.202379;
1591890343.207238;
1591890344.212323;
1591890345.219654;
1591890346.228682;
1591890347.233413;
1591890348.239299;
1591890349.245090;
1591890350.251000;
1591890351.257474;
1591890352.264634;
1591890353.270807;
1591890354.276623;
1591890355.284360;
1591890356.287494;
1591890357.294472;
1591890358.296945;
1591890359.305642;
1591890360.306943;
1591890361.321603;
1591890362.324793;
1591890363.330777;
1591890364.335841;
1591890365.344606;
1591890366.353399;
1591890367.355729;
1591890368.363911;
1591890369.372241;
1591890370.375390;
1591890371.379790;
1591890372.386273;
1591890373.395028;
1591890374.403216;
1591890375.409473;
1591890376.415266;
1591890377.420057;
1591890378.427351;
1591890379.433892;
1591890380.439562;
1591890381.445716;
1591890382.453338;
1591890383.459995;
1591890384.466514;
1591890385.474674;
1591890386.478076;
1591890387.485437;
1591890388.494470;
1591890389.495920;
1591890390.505316;
1591890391.511736;
1591890392.518333;
1591890393.523600;
1591890394.531633;
1591890395.540053;
1591890396.545896;
1591890397.548267;
1591890398.556149;
1591890399.564543;
1591890400.568603;
1591890401.570952;
1591890402.578968;
1591890403.586980;
1591890404.593760;
1591890405.600011;
1591890406.605855;
1591890407.611762;
1591890408.617885;
1591890409.623731;
1591890410.629740;
1591890411.635309;
1591890412.643193;
1591890413.650647;
1591890414.655655;
1591890415.663045;
1591890416.668902;
1591890417.675359;
1591890418.680717;
1591890419.689780;
1591890420.695535;
1591890421.700827;
1591890422.704962;
1591890423.714183;
1591890424.721309;
1591890425.724929;
1591890426.733514;
1591890427.737023;
1591890428.745994;
1591890429.751243;
1591890430.756251;
1591890431.765229;
1591890432.770609;
1591890433.779068;
1591890434.782810;
1591890435.791448;
1591890436.797283;
1591890437.804444;
1591890438.808709;
1591890439.813032;
1591890440.820130;
1591890441.826539;
1591890442.833855;
1591890443.838755;
1591890444.846502;
1591890445.853500;
1591890446.858863;
1591890447.863914;
1591890448.874156;
1591890449.876157;
1591890450.878149;
1591890451.887206;
1591890452.892865;
1591890453.901927;
1591890454.904621;
1591890455.913970;
1591890456.920457;
1591890457.924319;
1591890458.931713;
1591890459.936556;
1591890460.944384;
1591890461.948134;
1591890462.956362;
1591890463.964338;
1591890464.969975;
1591890465.975471;
1591890466.982159;
1591890467.989238;
1591890468.994507;
1591890470.002099;
1591890471.006375;
1591890472.013821;
1591890473.019426;
1591890474.026282;
1591890475.031375;
1591890476.036615;
1591890477.042799;
1591890478.048092;
1591890479.056590;
1591890480.061490;
1591890481.068296;
1591890482.074526;
1591890483.082413;
1591890484.087739;
1591890485.092461;
1591890486.099050;
1591890487.105464;
1591890488.110168;
1591890489.126104;
1591890490.122935;
1591890491.131379;
1591890492.133559;
1591890493.140161;
1591890494.147530;
1591890495.151700;
1591890496.163379;
1591890497.161779;
1591890498.169636;
1591890499.176468;
1591890500.184989;
1591890501.188765;
1591890502.197344;
1591890503.200652;
1591890504.209805;
1591890505.214908;
1591890506.220738;
1591890507.225453;
1591890508.234120;
1591890509.239299;
1591890510.246269;
1591890511.252536;
1591890512.259425;
1591890513.262037;
1591890514.270384;
1591890515.275988;
1591890516.285092;
1591890517.289669;
1591890518.297709;
1591890519.300894;
1591890520.307929;
1591890521.316979;
1591890522.320915;
1591890523.328710;
1591890524.332836;
1591890525.339091;
1591890526.345323;
1591890527.351672;
1591890528.360725;
1591890529.364189;
1591890530.371964;
1591890531.379534;
1591890532.386306;
1591890533.389851;
1591890534.395538;
1591890535.402640;
1591890536.408428;
1591890537.415105;
1591890538.422110;
1591890539.428160;
1591890540.435582;
1591890541.442648;
1591890542.448429;
1591890543.452865;
1591890544.461558;
1591890545.467146;
1591890546.472936;
1591890547.479077;
1591890548.485324;
1591890549.492997;
1591890550.499170;
1591890551.505153;
1591890552.511092;
1591890553.516517;
1591890554.525476;
1591890555.532425;
1591890556.535430;
1591890557.541892;
1591890558.549465;
1591890559.555063;
1591890560.560734;
1591890561.567879;
1591890562.573446;
1591890563.581985;
1591890564.587674;
1591890565.594192;
1591890566.600651;
1591890567.608291;
1591890568.610633;
1591890569.618272;
1591890570.622647;
1591890571.631862;
1591890572.635034;
1591890573.642239;
1591890574.652107;
1591890575.655480;
